8296600
8578200
10223200
8977500
8226300
6839300
9540700
7130500
7264700
6943100
8358900
7636100
8195800
10492600
10247000
11506500
11449300
8870000
8763400
9761400
9585800
8706500
7154700
8299300
7197300
7121700
9164200
9357900
7952000
7720900
7030600
7035900
8928300
10052400
9596200
7617800
9885300
9696500
10031200
10804600
11366500
8820500
7289300
10662100
8530500
7186700
7182000
6877000
7598300
7141600
10929600
11968100
9013500
9200400
8991700
7461200
7292300
8053500
8300300
7350400
9543500
9647300
10748900
10637400
9978700
9911900
7597600
9206100
7460400
10211600
7129900
7356500
6990000
7300700
8097900
7309500
8072500
11170900
9169300
8344900
9481600
7157200
9363700
10095000
7339000
7534100
7304000
7360900
7754100
11609600
10094700
9254700
7311400
7891400
8900700
9167000
10901000
9991300
10538600
