5441000
5546200
5711400
6468800
5698500
7171200
5698400
7184600
5454200
5392200
5503400
6711700
5518100
5748700
10146400
6245900
5458000
5876300
6054500
5661800
5841200
6360600
6660100
5141500
7118000
7731700
7291000
7454100
7852800
6750300
6973200
6725900
8041400
7218600
7818100
7920300
5356200
6898100
5202100
6121400
5245000
5739600
7530800
5163400
8278400
11935700
5367800
6822000
5825200
6990700
7712200
7428700
5827900
9055300
8357600
7910600
5409400
5333900
5504500
6763300
5145500
5400400
6100200
5894100
6062100
5537700
5225200
5783800
5459200
5668300
5708200
5493800
5349800
5294800
5112800
7371500
7673300
7847000
6023100
7576900
5411600
6512000
5335600
5150800
5199500
5153300
6531700
5585900
5346000
6840200
5538600
6719500
6914400
8539400
6190800
7241300
6709900
5790600
5998000
