5572400
6056400
5383500
5605500
6459000
8725600
8037400
7623400
9385700
7775200
9020400
5136200
6550400
6589600
5960200
5515200
5194700
5322900
5120700
5763100
5579900
5224300
6097700
6451600
6548900
5685200
5761300
5502600
5354700
5396200
5239700
5575200
5258600
5332400
5390500
5988300
5688100
6138100
5091700
6969800
7540300
8106900
7657800
5958300
6094700
5301300
5112300
5259700
5402600
5207700
7570800
5389000
5147300
5571000
5387300
6361900
6188200
5946100
8366000
5089400
5130000
7598100
5596800
6493700
5302100
5185300
6024800
6625800
5919300
6616400
8804500
5906500
5759300
6550000
6864300
7894300
5957000
7299900
7648000
6027300
7825100
5341300
5267400
5332700
8474100
8291500
7967500
8232600
14073600
6680200
6915400
7449600
7500600
6395800
7599400
7402000
7189000
8114000
7205100
