554485600
567473200
505072500
498819200
475568200
492866400
480936500
474615100
456889400
473561900
468922400
470184800
462365700
463147900
469001800
477215400
466280000
469057900
462785800
475172400
464328600
461009900
460637900
478471400
465846300
464766800
463487000
477033100
469310400
462961900
498100200
560432400
528474400
466473500
491094800
466043900
499322700
466032700
483923700
476320800
477246800
471289100
467962300
490009500
456364900
490409100
462322800
494970100
466721300
479946300
462822400
471145600
487064500
462461900
464129800
474972800
473102100
461418300
496966400
475348600
459676600
467481900
470478700
474967100
468340100
475026600
482097400
476883100
463408100
459712000
461522000
476797900
483811800
473019000
466941600
477422500
467905300
478596400
459156100
472129200
469685400
478974600
457337500
482023600
457752900
488518000
463365300
458091500
483359400
456324100
484378300
467667400
490461000
460895200
493016100
466798800
459280900
458947900
470974900
