396149400
431688200
435925900
398963600
380600800
353640600
378100500
358816900
360450300
365164600
371222200
376456900
357652100
360515100
375409000
355740700
364075600
375917000
356543800
361386600
370170600
354620800
359581800
372356500
364567200
372414700
357104900
361348100
367679600
351515000
363619900
380772700
357722800
359373900
356526600
403929700
358888100
365966700
369965900
366820700
360820700
354114500
363342100
371697300
354839100
372441200
375849600
352881800
376235000
361264400
349789600
375456600
355788200
370555000
354598000
348224400
375153300
363889100
363588600
377717900
358641700
350262300
368729200
345527800
355789400
367421200
366698700
358738200
359441200
354564100
374183700
353423000
354136500
379404400
373976600
353604800
369130500
355091900
366094600
379998500
362905700
363254300
364460600
357036900
384413600
360697100
370029800
377788000
352247100
372093700
367541900
350893600
360383800
364303600
362355000
356376700
370565500
365629800
362511900
