550041100
605913900
515380900
502096000
484204200
488124500
491397200
491147000
475900200
477536600
481389600
475257200
476769000
475047000
482418000
468795600
496038000
467720300
463390900
486245000
459900500
480280600
467963100
489994800
462834000
491031900
467150300
474934600
490860800
453302300
482735200
474672500
478156400
470585500
486364900
472220500
482901000
477897200
462077900
495666300
468180700
497503400
480056400
504819900
459818600
475062300
489367200
477480400
485808900
474478600
480118600
480615900
477433500
468668900
482367400
496592100
468201100
482998700
475132300
502709900
476551100
483448200
479566100
481587000
483395200
474058800
498735400
484581900
502642000
470036400
488981700
484626300
466560100
502040400
476239000
485838300
465989900
495195700
465105300
485662300
473835200
469676900
495858000
476792300
488508500
470087800
483392000
462411100
483750900
455857400
478191100
472754900
463522300
475743400
469094900
491146600
471810500
498524300
463368900
