44065700
42801900
46144700
38163200
41784000
45457000
38832900
34136700
37837500
38326900
35756400
39905900
42684800
41228400
39578800
38352000
38845100
40857100
37040100
35244100
39939900
41645200
33275500
43222600
70793300
44339600
49550500
34305900
40677500
36443700
34523900
32739800
31619200
37593500
33775800
32217800
39220900
36622500
34528200
34200600
39999300
32166200
33805400
38740700
37584400
33174700
33177800
41291700
35449700
34908300
32825100
34782300
37333800
43661100
33887000
35148600
32889500
33651000
35334700
39817600
32360599
32307500
32531500
33847900
36239000
32485400
34260400
33443400
33898900
34557400
32456900
33918700
32758500
35257000
34006000
34034200
33950400
33789400
35794000
43600700
42633600
33562600
32375000
33228800
32810100
34447100
33869000
33758500
33386700
35108200
32329800
32663100
31987700
32020900
33231800
34913400
33016100
34170100
33915900
