413069600
401055300
438706400
362240100
370084000
357602900
354702300
364580900
360853700
340410400
350786300
350139500
336754600
339976500
349823800
344890800
344755300
350928900
345094300
404598100
327981300
336819700
343883200
341940300
332050300
354949400
340986800
340091300
339032700
347140000
338212200
356469400
348303100
334680100
349196300
342034500
331549700
353934600
343327200
335375300
345815600
349811600
339348800
335900000
352926300
360975300
338972700
353326600
347698600
344856400
343235900
344554700
346448500
348719500
350368100
338438300
353692300
349969900
342723400
347596200
342783800
337665300
352339300
343198900
343663500
366955100
333070800
343421300
352142200
341302800
335968400
360554800
340471000
343609700
356274600
334672900
346094000
366255100
348626500
341890500
363792100
338564500
340558600
365277100
337346500
335321700
356577600
346261900
351393700
346451000
338888500
340710000
350369200
339860000
341706700
347668900
340964100
341069200
362010000
