426529100
403166000
417269100
396456400
379587600
360453500
360571200
351017300
373130200
368940500
351627100
360996400
350798400
345319100
346877600
350526400
354057800
348411200
349788100
351431300
357001900
362498000
340861100
356650200
353129500
343397700
346091300
359080200
352468400
347753600
355590200
372702000
341649000
357600000
349031100
336026900
358497600
345672000
346746000
349637500
346398400
345336000
351044000
389433100
373822400
358466200
347496600
336490900
354849700
350040300
340875200
349195800
354423000
348886500
362470200
340816600
359894800
380957300
340711500
350784300
357269500
340893400
347170600
362617000
341685700
338888300
348484800
358478200
341271700
361677500
348839700
347550500
368403400
338547000
338905400
367129000
342779200
338942500
370558500
356072200
338361000
361624000
335955800
345879000
347735400
331851700
348614100
365448100
339501000
357664400
348703300
339868100
348843300
361221400
341038200
352979600
356518300
338484700
351917400
