7598600
9231700
8829100
10135700
8036400
7161500
6934200
10649700
8646500
10600300
10368800
7714800
12139900
12439900
8286200
11287600
8934900
9466700
7694200
7484600
7587300
8225600
8489800
7512700
7803500
10209700
8161800
7621400
7201000
8518300
8488400
7287700
7124200
7003300
8281500
7989800
7353000
7476300
8569900
8520900
7712000
7854100
7282700
7342100
6967700
7027500
7097300
6989700
7176600
6913800
8646000
7378000
8584900
11020700
10947800
10460000
10186900
8064000
8784300
9676000
8499300
7686300
7337000
9935700
9854500
7599300
8546100
7086400
8112700
7534200
7726600
7066500
7343400
7368500
7155500
8040900
9187200
9170500
10226800
8310700
10124700
7808900
7842700
10044300
8627400
7807100
10932100
10532600
9875400
8645100
7394000
7347500
9610000
9412300
8852400
8946700
8547300
8071600
7281400
