38379700
39596900
35795600
42074400
48354700
34557700
34755600
39880800
37506400
40000200
43999300
46153400
36605900
48452100
42868900
39340100
46007100
36101700
34894200
41521100
41196200
36766600
35449800
48997300
37464700
37387000
37857000
39122500
34814700
37969900
42568300
33402100
33045500
42330300
39778200
39223900
40963300
35450600
36062300
41993100
34534700
35661200
39656800
34324000
37068500
36854100
39883900
33772200
33999000
37061600
33271800
34130200
38691300
34345300
38616000
35415800
36010200
33138900
34753500
35632800
38020400
35649700
36234600
35027900
36481600
38646500
35544300
32798000
33995300
34749600
34229900
33800600
35278400
35248800
35184200
34206700
32906800
33358300
38701700
35579800
37364700
33506300
34754300
33125600
34974800
35788700
33530800
35958000
34225400
36446200
34445100
33790100
35513600
34636700
34585700
35487400
33718700
33596600
33378400
