7812100
10926700
7822500
10425900
8799700
10490100
10534100
10364400
12874200
9420200
11781000
9594000
9981200
10346000
8569200
8656600
7318400
7885000
7444600
7168500
7672900
7225600
8451200
7491300
7364800
7138200
8782800
8349900
7269000
9084400
7431700
7296000
7553300
8968700
10864200
10664500
7548300
8398900
10755800
10045200
11209400
9560300
6848800
7391200
6893800
7047400
8819800
7183800
6783200
7179400
6883900
9611300
9616600
9745500
9199100
7238000
7816600
9223100
10254400
7163100
11127500
8474700
10136800
8617400
8568100
10517300
7315500
7363800
7019700
7340700
7727900
7784700
7445100
7590300
9870100
10077900
12425200
12079100
9667000
7711800
8607500
8549100
7958700
7209200
7657300
10830100
7228600
11022300
10008700
9596600
10912600
9462400
10734100
8471000
9215400
12072600
8601400
8571500
13319700
