54109400
82514000
55033500
54483400
48143700
49741500
53725900
49526700
56301100
46845900
50974300
66102100
68105000
66606700
56073000
58092000
60317300
56982900
68686900
59235700
49010500
47042100
60711500
44909500
51389800
50794700
51106800
49005200
47778000
47243500
56404300
57690300
56064900
51480000
45162400
53833000
48356500
49212900
57425500
47308200
45638200
49670000
49926100
45246900
48031800
57142500
46820200
47163500
46794200
49989300
45220300
48490300
58377400
46891200
45413800
47780600
50619600
53754700
47720700
47999000
51128900
46419000
47167500
46667400
48940900
48354100
44803400
47496500
47039600
50601800
47028500
45781800
58877700
48942500
48274500
46709200
46971300
49574000
54408400
48221400
47778200
45764500
44509600
51591500
47880000
44932800
46178500
48754300
49616900
46516900
45862800
45836600
49297400
47107300
56086700
46925600
46559100
47885700
53711500
