5261300
8522500
6799300
7542200
8399600
7893300
6364800
5234000
7748800
5481600
5258100
5248400
5642400
6069600
5700500
7190800
7535100
5750300
6354600
6081900
6923900
5263700
7771300
6993500
5968200
5385500
5525500
8954500
5933500
5191100
5659900
6208600
5300100
5894200
6981900
5883800
5947500
5544300
5213700
6495200
5230400
5254600
5545000
5888800
7942100
5624000
8240200
5188100
7408400
7349100
5622200
8102200
6532600
5158900
5667700
5253400
5211400
5315400
5361600
5199600
6663400
5241600
11262100
5861900
5240200
8927000
6606500
6404000
5963000
5408600
6484300
5550100
5852100
5730500
5138600
5891000
5150900
5305200
5433900
5290800
7987800
7527400
5632400
5523600
5604100
5286900
5159400
5464000
5189400
5508000
6852000
5427600
5354500
9365200
7176800
7908200
7888900
7251700
8407800
