555267700
627353400
506425400
499107400
481084200
482385000
476035000
487008900
478642100
485802400
470781500
479773200
475546900
476074400
466979700
468080400
474331800
470633100
483563100
468500200
476633500
474925200
480106300
471002100
473910900
466155900
474777600
470893000
483641400
479999300
553031600
470377600
473923700
478052700
496831000
478272300
479432900
470221800
494203300
480194500
486628100
469150900
474173000
474864600
471318600
480270800
481253500
503904200
466979600
476338700
459453700
486372800
460592500
484381800
462646800
472608800
463954900
464654100
482976500
469676600
492420300
472177000
518460200
481751000
488051700
463836300
486336700
476391300
487702500
472579000
477263500
467241800
479979800
498487200
458424700
508991900
482324200
483104000
501846900
485760000
500344700
488526100
492251700
481115200
530876700
528873800
526152200
525587100
509125100
462120000
477103100
496823400
484519400
476611400
473393000
480829600
463190600
500511400
466963100
