34257400
42290100
38408800
39129100
35047400
35117300
34326600
36789800
50373400
46741700
32664700
42549600
37012400
40032300
48804400
40929400
36890800
34717900
35824600
34381000
36180600
44940300
39178300
44794700
48746300
45198300
37440000
40617600
32117100
36160400
40597000
33533100
35703600
35965400
36945400
32990700
31893900
36600000
34547300
34043800
42638500
35341100
31291100
32805800
36809900
33136300
32415500
35724900
38461200
32310100
35718700
33971600
34471400
34161200
32908700
36177100
39869500
33572100
33293300
33711400
39034200
39024500
32182500
33250700
32010300
31951600
35422700
40941400
34127200
33030300
32895700
33842600
32706400
34035800
32922900
32137800
33683500
34150100
32845800
32981800
34377700
33156600
36971500
34792000
32293700
32372300
37016900
34439500
32617900
32331500
32142500
31372000
32803500
35035200
33736400
33320700
42911700
41528100
35864900
