54797200
50701900
50710400
53604100
49936300
50331900
55838800
48247700
60587800
62528800
62143500
57680300
57195800
50293800
50370900
55065100
48273000
60781000
56612500
58266500
53729900
46217600
55923800
46296100
45807800
50431600
52541500
51867200
57918700
48806800
50570400
44897900
43704100
49558800
44161100
48489200
46240500
46411000
46059100
44577400
44979900
50496400
47452300
42894500
43603600
48068400
48941300
48676000
47920400
59943800
52876200
43854600
43786000
47635500
45870600
42563700
43043400
47038000
43551900
47024300
46477100
48427500
47446600
43415800
44318100
44836800
44754500
43601400
43846700
47176300
52743800
57025400
44114800
51905100
49158900
43721000
55154600
62434400
44246400
44347100
51333400
44360900
43670100
45886300
46082300
44154400
46172900
43206700
45813800
46397400
46606500
51346700
51971300
47997400
43202900
44445500
43358600
46488100
44438700
