49179100
61370800
58772900
63725500
50761900
46121300
49986000
51191900
59146900
49327500
54404500
52604700
46544100
59543100
46905100
57619600
51973300
56244600
71694400
56706100
66839300
56401900
48219500
61478600
43950500
46083700
48546900
42192400
50984600
44696700
44495400
58588400
44093300
44893300
51390500
44157400
53580500
45371000
52799000
50631900
60555100
52964100
47440000
45579800
45163200
44640100
53146200
45057300
43227900
46360200
47058400
46530400
45292800
44371200
47785200
44425200
44344100
45978100
46193700
47351100
43290600
45838900
57113700
47864900
42564200
43605000
45668800
46106900
42962600
43769200
48830400
45156500
45239800
46848000
44620900
47827200
44038100
44140400
43592800
46652300
45348200
50385200
42944400
58145700
49530500
44303000
43198000
46205100
44207600
45118900
44358900
47437100
44061400
43461100
42100200
45953300
44890700
44586200
45039700
