112949500
120999500
144232500
111558600
95260600
101131600
101733600
106743200
101774800
132214300
98203400
121440500
104718800
95580500
85602000
94171600
93212100
90481400
92427300
95852100
90323800
87367500
98443700
110405800
91613900
87297400
91807900
89866800
95220300
86209400
90575000
87865700
90585100
106929900
96017600
90201700
87513900
92470100
84452700
95092900
89975100
89418000
86253900
92470300
99221400
91313500
96099300
90702600
92605200
87731700
91041400
87498800
89125600
88019000
88350400
94134300
88160300
98093300
96836000
86475700
89363200
92009000
87492800
92462100
86973600
90165300
94683600
90038400
89254800
100463700
89823500
89896200
90875600
88930400
86505500
88871200
86700400
98576900
92512300
87642600
103356500
89903100
89708200
87259100
91259100
88715400
89476200
88669100
93706200
88106300
88044200
88893600
95238500
90907600
87083700
88969700
87213500
89967300
89186700
