11528300
17245900
14431500
15436600
16934700
16042500
16681700
10725300
10625400
15078100
15268000
16040000
12631100
12469100
13624500
11848100
11024300
10517500
13817500
12528600
12416700
10766600
10496400
10629300
10602200
12896400
11229100
13277400
12228300
14016700
11225000
19148000
11515600
11063700
15716300
12873000
12841700
12269000
14407400
11630100
10857800
12052100
10544100
10498100
11198000
14902100
12666600
11409900
14918500
12159100
10735000
10920800
11916000
10854700
14376400
11844400
12664300
13224500
12283600
10841300
12702100
10564700
11826900
14694900
15795400
12224400
14020800
14637500
15723200
14281900
13107400
11957000
14456000
13012400
12317500
10438900
10343000
10508500
14792900
13545300
10287700
10273200
12884100
13627100
11223000
11211000
10452700
10521900
11877800
10398900
10254700
12382700
11358600
11040800
14011100
10401700
10685800
10038500
12538600
