21255400
22549200
15777600
15550100
15374000
18806800
16175900
21867900
17714800
21190200
18085300
15990300
15008400
15845800
14861100
18911200
17252500
14772500
17027400
19166600
19095900
14524400
18412900
17070200
15090500
15403200
15310000
14788800
14825800
16902900
17427000
18082900
17579100
15329700
15092800
14975100
16435000
17766900
16000399
14795800
15051700
16359000
15770500
24020300
16874700
19216000
15530600
15402400
15080800
17118600
15398700
22656000
28428300
23911100
23948200
20922400
26278800
23354500
19948900
24639600
21268800
17400600
17940300
16461600
16152200
18161000
14906200
14357300
14528400
15883300
15361600
16808700
14433800
14546300
14142600
14654700
14381100
17889200
17953600
14162800
18041600
14433100
14086400
15451100
17597300
19625900
15144200
15306000
19359500
16386400
14071200
15922200
16529700
14745000
14255100
14189100
14381500
13931100
16846000
