10851200
13143300
11056500
12955000
12246700
10529100
10453800
11550000
12554200
12804100
10439700
14169400
11875400
13634800
11676100
12118600
10738600
10921100
10686700
10432800
10952700
15033500
14202400
10826700
10513200
10725500
11469100
14994800
12733400
12909200
14282700
14164100
10892100
10243600
14153800
10249500
10378200
10411800
12824000
14321700
13684400
15180600
17538600
17851800
16384200
16161600
25104300
27281700
21170900
22969000
18683200
16346800
17693300
17080600
17855300
15882000
16600900
17338300
16531600
15063500
11921800
15035300
15759100
15185300
15147700
13981600
13150000
12558300
15030800
11132300
12936700
12976500
12013400
12094300
10651900
10499600
10544800
10951000
11259000
10626100
11169000
16592800
12251500
11210600
10305000
10308500
10152500
10426400
10396900
11783400
10904200
12409000
12008300
10862600
10215400
12008400
12522900
10410000
10909700
