76765500
76016600
72317900
73928300
80255600
87962200
90313300
101118800
99014500
86069700
96216700
113103500
80214200
84387000
69895500
71990000
64544200
74035300
70638500
71015400
73181100
76471300
69797500
77129900
80293100
68170800
71500400
65250200
68741900
64610300
68053700
79295500
67042300
68321400
66210400
70382300
72787100
67683900
74255700
77328700
71765700
68562300
67056900
63820100
68649500
66926100
65978900
68067600
67003500
71274200
66445000
65717000
68282300
73137200
68736500
68344000
67325800
68068800
69408800
65752900
64760000
69307700
67839300
71781400
68934100
68649800
68529100
65654000
77408000
67383700
65504300
66789200
67184000
65518700
66533700
72831000
68751200
72046400
67677900
66060500
66188200
65085600
65984700
76903400
67294500
65424700
70335800
68635200
67230500
67531700
66418900
64631500
71561800
67303100
66714800
65723800
67340300
68110000
79751800
