431246800
418045200
594061300
411943200
425229900
403191500
375572400
372038400
372139000
377472500
390362300
366212700
365467200
400279400
385088000
388062000
395254700
359389800
370835500
368452100
352414200
354037800
359489500
360936300
397606500
378600500
398522800
389993200
346407600
352841700
365600400
350572700
371095500
372766900
354365100
349874700
382510800
372727700
348381700
375545400
379920000
345193700
374765400
356685500
361681900
374892600
359300100
369205000
406409200
361794400
356111300
365971600
364410500
383125700
358482100
357718300
365554400
359265400
360602300
383626100
370254400
366657600
371840000
373526500
543320400
490363300
404862200
482357800
478354900
508081400
456270600
446255200
425378500
478924000
417480000
381182600
393606800
473577600
455072600
518238000
392661200
405649900
437859200
376495300
384929500
445879900
439338800
451261200
512581800
430242700
361630200
378292100
454064400
371451400
389778600
451462700
394403300
467745500
410333600
