108976200
114217500
100453400
99750500
126191100
105956400
120663500
99250300
95111700
129818500
149269600
111613000
97040400
95778400
107341300
96410900
100902600
96430200
99303500
90982300
92019000
88205700
91280800
88688000
90067400
104493300
92537400
92168100
89303700
93300900
90615500
88223100
88576000
91586100
88183900
90820100
95082600
103136000
89810500
89861900
98326900
89993500
92181500
90019800
89254400
92083000
93154900
88396600
105825900
91128200
101293000
87921200
85679300
93301900
88993900
97223100
86962700
92376400
89892700
102405300
93449800
90828800
89432800
88144500
88216400
89304700
89694000
93475600
88575600
89995700
92365700
100744900
89944800
88809100
89781000
91026500
90498600
88603700
93341900
95308300
87522400
89294700
97226100
97740000
87308100
93727400
88633300
89214200
84026700
88560000
92495200
85986200
89780500
91473400
97466900
93247800
91510700
88591700
90054700
