1211795900
1037803800
979102500
978613400
961884900
974337400
990640400
995249600
968813800
961128100
959488200
975889700
971202200
990083300
975007000
989650400
967551600
978898000
972360400
980685900
971412100
987783200
972057000
998875000
976798100
986045600
972231200
995948900
989691000
970799600
961696300
985202800
972246200
965622900
991274800
987905700
967556200
951975400
967762400
968242900
965600300
971849900
978834900
1007600000
1042492200
1028057700
1115291100
1057877100
1003628200
1000325600
996062700
1002613200
996351800
1014021100
1002396300
1072644400
1061908100
1005390400
990237300
995668300
984492400
973350600
973514100
989269200
982970300
967839400
974340600
1048357800
993860000
987886000
984529000
1019709100
995873200
987831800
997244600
985346900
965734500
1029146600
999408800
999928400
1019300100
1010776300
1016053400
981013600
987902800
988020700
988829400
960190000
982353300
1035732200
991529400
995508700
970205100
946333700
971242700
968212400
966143300
971960000
1025920000
