781055300
833016800
731651800
701394100
709073300
714322900
679829900
717458600
707201900
681517900
720149300
722819400
700010500
725691000
712951000
685946200
711511000
714968500
685495900
714334000
694739600
693411700
701814500
694326500
693349000
703279700
676512000
688732000
705997500
694336900
701403500
701632100
704401200
698877200
690963200
702887400
700069500
696636100
706743900
703553100
702176700
707594600
697852000
679960500
698544500
716591100
681322700
736793500
712083400
688680900
703973100
704211700
711041200
699087400
711108400
704791700
698385200
711009900
730456300
697801000
691381600
712079500
704450800
696838500
741245000
737473800
698421600
693394500
687595600
701952500
717378200
698566400
707256800
722198500
676919700
775133800
715591600
675812700
708206300
709461400
677855900
698195800
705813100
686334000
722267300
694269400
692770100
706774100
683934800
759875500
698735900
684096300
695559300
708851100
685372000
712454200
696508600
682564100
686345200
