103953000
119640200
99763000
93364100
101062800
105582500
118733000
92171800
106806000
105731300
103072100
101925700
107013000
99527200
92629900
93601600
112778100
97236700
93217900
94513000
90760300
106966200
93555600
94810200
90284900
91853200
92868100
97254000
87942700
94051100
91349500
91510400
97346200
91637300
87712000
89254600
87764200
86272000
96922100
100495200
94669000
91698100
87898600
95324300
90445500
88023900
87870700
84538900
93827700
87034600
101543200
90591600
90031400
89519100
100325300
88230200
86897400
90887100
87356400
85796900
87001600
102074600
90099400
88089200
85052300
89077300
87250000
99358400
84553200
87463300
91922100
88552400
91862700
91387200
91293000
89519000
92940400
87603100
99275700
88618100
90613900
88337100
93136400
91293200
91545200
93282100
89793600
88400600
87068900
97513700
89386800
89681700
89513200
91995600
90239400
91788100
99294600
95827500
91349400
