814105300
780837700
714945400
709753500
698933200
707837600
698167700
689451000
680691600
696579800
683416700
677929800
707070700
692902700
677514700
687516600
702522600
672673500
702537300
704382100
676406600
705044400
702070600
690278800
706035200
696210200
682341700
693026200
698849000
682565400
707696200
693852400
681898300
696147900
679799900
685108600
695036100
694588700
693331900
699582100
701421500
704855000
686253100
684539300
688427400
691334100
678342100
707567000
696013100
697944000
707566700
696536200
696666600
702548200
691884300
703824800
705080800
721401300
693567800
722290000
705728500
689978400
799945700
732281100
698115100
702294300
724267500
712913500
715904100
881796100
719751700
700967500
715382800
734599500
689764100
720436500
725126000
682576200
710851900
713706000
704043100
713744900
732124100
690703700
719812900
701376000
692379800
692974300
699053300
683707200
697323400
834580200
693521400
709672500
699703700
741324500
686276400
712395700
700814700
