12602500
11761500
10957400
11193500
14585100
12865200
11080400
11299300
12617700
16021800
18032700
17059000
15590400
20231400
12518900
10821000
13855400
15551300
11660700
11335600
12438000
13633400
10414300
10729900
14257000
13651900
16577400
15108100
17744400
15315600
14755200
15830600
12745000
12093300
14542300
11718000
13980400
11647000
10700800
11432700
14098600
10862900
10564500
10868200
14171000
12495800
13030800
11842900
11555900
10756900
11625400
10911700
11679400
14399600
15096500
12737700
14541700
13516500
11941900
10514700
14579900
15089800
16788800
13660000
12240600
13571300
17866000
16077900
18538500
20913200
18140500
16582500
15253200
15062800
14242600
14470000
17920500
17195300
15346600
13873000
13434700
10992400
10835200
10265200
10586500
10319500
13375700
11748200
11797700
10452500
12756100
14245900
11777700
14245900
13971800
15817200
13096200
14045000
11439700
