1110853000
1025805600
966197000
931835500
953991600
953043900
912798000
929028800
928248000
947932500
927180900
929037100
931421900
918121300
936557400
937604900
932805600
939451500
924398100
921687900
924713800
919760600
927220800
937612100
928061400
942750900
938955300
927111800
926954200
980307800
943106700
948377800
950237800
946950000
927307300
922946800
921673600
941849500
922718000
939690400
930402400
964954600
938066800
913307100
940444100
956328000
942647600
960616100
950555200
953701900
939351900
915268800
932911100
933261100
936989100
933299700
936807500
932283800
921141700
936897600
952907900
940025600
922381100
950040500
935529500
946743700
940196400
952919200
956503800
935739000
949397200
942600400
933035800
917475100
966005600
933742900
931982500
947967100
948093000
938641800
928880500
910497600
927829100
921905300
933753800
954016700
947544300
932613100
937590600
931628300
936081100
935673000
931988700
961105200
944899300
966722800
986217100
952105400
940887600
