16336800
18593300
16574700
16136300
17486700
14650200
21564900
19285900
15364500
16398500
15964700
14078100
16099000
18051200
17387300
17314100
18574900
19811500
16551100
16703300
19076700
20531700
15341100
20644900
17684300
19973400
22823200
16915600
17847000
17469100
23374100
14224700
17854500
18192700
18925400
14001200
17892600
15401700
14214200
15428000
15085200
18972100
17621600
16076500
15537000
18998100
18827200
16558300
19229400
21567700
17541100
15175300
18176000
17957300
22382000
28488100
22715600
15417300
15041500
13985900
14033600
14268200
15178500
14594600
14593200
13706900
14602400
15169900
14510100
14461400
15547700
14201700
13889200
13557100
14156400
13509300
13610300
14871800
17865400
16590000
15696600
18555100
17956900
15310600
20398500
14109800
14976900
13922000
16044300
15516400
14910100
16746900
13998200
16212100
13367000
13936000
13911600
13619800
13925400
