82281900
93519800
99352500
72345000
88674200
84791300
75630600
82148700
81091100
80607300
76098200
81062000
81578900
96419500
87343300
77495900
81944500
70100700
69436500
72718600
69133200
74656100
70024900
73479700
72899000
70913200
69783500
66582800
73711000
79060700
70007900
67775000
70024900
68343500
68734100
66037900
66845800
70951000
67260300
67194800
68016300
67241700
66232600
75519500
89127600
67949400
70377400
67139900
68360300
71667200
68662100
70115200
67334100
66152700
66758100
67917300
68289200
70534800
69871100
74799900
67176300
65538000
70017400
67314600
64620599
66815600
69414100
66273900
65980300
68401400
66599900
66242900
68709800
73132700
81037600
65036500
65267000
68709600
66012200
66269000
70281400
67200200
64972900
68880500
66544700
66147800
68460900
65846600
72844100
79780100
67074100
67371000
67879700
66850400
69596700
65385800
66674300
69187300
67409700
