71480800
79938600
91658800
69200200
74842200
73459600
86817300
79912600
78620500
75252400
66780100
103365600
83021300
90601700
90631300
67580600
70657600
66397900
71075100
69884800
75537700
75245100
69610000
74746900
69794100
77843300
70162100
66943200
70403400
70809500
69824500
70659500
77998200
67667100
66336200
67023700
67822300
67873200
66926100
68188900
70984300
66015400
68525700
69056200
69774300
68579800
69963900
64778800
66662800
69273400
69802500
68716400
74338600
66446100
65243900
81497800
68253200
69298800
68305300
65378900
68247000
66844700
69517600
68500000
66607100
65498100
67234200
66258000
65566100
68259700
70177300
71171800
72883900
75792900
73771600
66368200
63620500
69405400
66492300
65853500
67351500
66180900
65868500
67609800
66616800
84216900
67102100
64342200
66789300
67542400
65594200
71257200
65054700
65193900
67726400
65545500
65277400
66821700
65627300
