1163952800
1041621900
992664200
1007505800
963613100
918533600
936126900
931858100
933425600
965638500
985140300
988939400
953828900
922032900
943620800
954504400
990740800
997142300
997995300
988535700
1041979700
977065400
994146900
956857400
932086200
943444100
945639100
943939800
944594800
957916100
1084564700
934676400
939428100
923828000
957089800
950650500
957623300
942825100
945297400
947507300
943667300
945636200
924790700
945731000
946796500
949837300
972631000
968161700
948403300
959867500
943691700
965391200
951291500
954364300
983815900
1046023799
943572200
1052806300
1087358200
953290100
946787600
922762500
961960400
935619900
950275200
936212300
952221300
954915400
938878900
926825200
1014675200
923093300
926945400
932118900
950553900
953975200
932862200
942992700
963309900
930761600
1071790200
977235700
985886000
992510500
946444600
955673800
944627000
975804300
963080300
945309000
953935100
927002400
969427400
978891700
970353000
939948600
959872300
972085700
964473400
