14114300
16810200
19457800
15173600
15516700
14168900
18832300
15750400
17258900
25097200
18218200
14656400
15369300
15535100
14398800
14512900
14968400
18106800
16672800
15147100
14084600
13953000
16026700
14307400
14335100
20326300
17714400
13820300
14204200
19424300
13858600
14359400
15003900
18177600
19991300
17318300
19829100
20505900
17511500
20648100
22610900
15624000
16532800
16727600
17480900
17698000
19793400
23436400
17555300
15845200
15183200
17842300
20009100
15409800
19594000
19285500
21694300
18692500
17438900
15627500
15204900
14932300
15004700
13845200
13770200
13888900
16219000
13481300
15155600
18789000
16069800
14654800
13254500
14214200
15113500
13283500
13889500
17286800
17015900
13737000
20231400
16077600
14518600
13878200
15852300
19917400
14837700
14227900
14497300
13694400
14846300
16983700
16536400
21385900
19479900
16129600
14420300
15954700
14634900
