16461800
18513300
19018200
21160100
16629600
16719300
15246500
17800000
21981500
20726100
20743200
19617400
25131500
26134100
25266800
18226700
15660700
15999300
15514500
15610700
16030700
21112400
23670100
19757400
16573000
15430800
18504800
15662300
17043600
17962400
17199000
17293100
16676500
15933800
19146600
21651400
18049700
16874900
15742500
21989600
18905000
18194700
18722900
18174900
20051100
17711400
19468300
18678800
19165800
22299900
19930100
18629500
19368800
19250600
21176400
20299900
18358600
15417000
17566100
16323500
15847700
19647100
28856300
22521900
20027600
15995100
15347600
15379800
18232800
20171100
16970700
15349900
16361699
16994000
16570300
17586800
15610400
17392100
15498200
16424700
15164400
17115700
16484000
18491100
17540300
15873400
15783600
15921100
14998400
16417300
16211900
16321700
16281800
21102900
16237100
18201300
16564100
17102300
15334400
