1274227100
1082607400
1074774700
1062087199
1047577400
1048821900
1039841300
1044739900
1045553800
1044198800
1036857000
1044493899
1047647900
1042782900
1047673700
1060097600
1048276500
1038312000
1047190900
1046095000
1039973600
1039562500
1041390000
1041173400
1036659300
1035446600
1052922900
1056436400
1114094400
1043653600
1043737200
1043722400
1053412900
1066090900
1035930499
1051138500
1052738600
1062855800
1031771300
1030088700
1038105500
1045177100
1054002100
1046000800
1049649000
1048483300
1064800300
1059546500
1053295400
1045682400
1054875300
1049282200
1049608800
1046421000
1053963500
1061808200
1036973400
1048071100
1033000300
1046673400
1037541100
1038354200
1047410900
1033157300
1042508800
1043913700
1088446100
1044905300
1050295300
1139855800
1028765000
1053228100
1051239500
1042754500
1039399300
1054502800
1096482300
1028704800
1053538800
1034515300
1051030500
1036864800
1032719100
1066826500
1029743500
1029536800
1035553100
1036580200
1042601900
1040610100
1041239300
1043923100
1030186300
1028438000
1035144100
1046053100
1041402000
1051186100
1039411000
