155791100
145281600
157399300
152184200
195549900
167583700
173888000
147401400
145376900
145746400
138854800
172413100
134722100
133033400
136578200
139504300
138526600
133366100
136996800
157485700
134458700
134529800
137868000
142522300
135325900
135063600
142453200
147020900
138018300
135746400
132922100
142471900
137602700
135893100
166503300
141639700
137087400
133889500
135711600
132838700
132845400
136828100
142048900
137842600
141913300
134916200
129026299
136116800
134626200
140858000
142969800
134018900
131340600
131358499
133121100
135293800
133606500
149954100
138871600
134349500
135823700
132956200
130074400
135610700
142125600
145680000
130251700
131310800
131376400
131523600
131568300
132005000
135554900
152137000
145479800
137050400
137053900
136522300
128655800
142731500
134355000
140553200
134726700
137008400
131426500
131632700
134165100
141239000
148747600
133611600
136610300
136768700
134582900
133427300
138957500
136462300
149029900
133375600
134113000
