27088000
27887300
24952800
22144800
22479000
33464500
27097000
28002100
27197900
22159300
28049900
22759900
28059300
22722000
23679700
32929600
26932200
21272200
21479400
21591400
30437200
25042300
23793100
29244900
22028500
26694900
26883200
21824600
23115700
22231300
23936400
28833600
24977500
23188700
24853500
25671200
32618800
30827900
30085700
29119900
24158800
28913000
21898300
21579600
26600300
28492700
22350500
20550300
27276000
25936100
22038900
22812000
24320700
20429600
20531800
22935900
21498000
21141200
21865900
21142800
21307100
21748400
20477700
20481000
23293800
20677400
20685300
20691400
23378500
21355600
23201200
22490200
24822300
23792400
21230300
23656800
24184000
22273500
21240000
20865400
23587100
24219600
21854000
21490000
20929600
20330200
24579300
22935000
25623800
21971500
25503700
24160100
22669300
21455100
20659800
23790300
24288500
21074300
20923300
