130417500
119978800
107197900
112839900
105794800
124673000
123947700
110749000
121599100
129173000
106143600
106901900
104478900
107944300
103415900
114386500
106797200
104594600
105970700
113212300
105786100
104151400
104866300
107179100
108302500
101056400
104436800
99925800
102048300
108325500
98445300
104049100
103438200
100409300
104105000
103565100
99668300
101021800
100082100
106191800
100622900
109230200
100322700
105890200
110074900
101048600
100776100
99645300
108184400
113760900
105603500
104202100
102538400
106374100
107183300
105836900
102091500
101302800
103590900
105551100
100336900
108899000
102341700
103826100
98288100
99314200
102321700
102056300
101664300
111139800
96887400
102809100
107518600
102721400
99295100
98615000
102281400
103738700
102926000
103580000
104983200
102460300
106848600
99980000
101984800
98271800
100110500
99269600
105050700
114914600
101307200
101157500
103361000
103624900
100163700
103940600
98991000
102502700
100886400
110744600
96267100
101773400
103036300
102003600
101742900
97407000
100137800
100764100
97589900
106875400
101542200
98597500
108369600
101040100
99493600
102531000
99223400
97053900
104097000
103419300
98847500
97981400
105828700
101216700
99434600
99828000
98949800
98355400
111088400
104872900
104816000
102323000
102638300
104752300
98977500
99590900
98869800
105635200
94784500
107177400
101639300
105811500
102252100
101436200
97130100
100686400
101827500
97461200
99555900
