1498019600
1631610000
1441503500
1389583300
1386902300
1399300300
1390604800
1390605200
1393442200
1386341300
1417572400
1428457500
1442620100
1395720200
1398382800
1420298800
1403799800
1484407100
1483496700
1406254700
1484578700
1560148000
1640260400
1772347900
1441104500
1598301000
1456094500
1430046500
1435126600
1434777600
1456215900
1422682600
1409803800
1425759200
1404442700
1419458100
1421635100
1416487100
1420057100
1436555900
1403729400
1436824100
1433055700
1422085000
1402891900
1411654800
1420963600
1416091700
1429267500
1405232300
1420273700
1428414100
1406682700
1394104000
1448401200
1416972900
1423373300
1437909100
1457509500
1400473400
1458219700
1644538100
1442461100
1411962200
1391415200
1403396500
1451764200
1401739400
1407314700
1406006600
1410028100
1411499700
1411046000
1410334000
1416152000
1403256900
1407401800
1408606900
1406187900
1408822400
1408243000
1401269600
1413297300
1408692400
1422323000
1396871000
1399905400
1447421000
1406377200
1422842900
1426596500
1428600600
1399678200
1467949000
1564619100
1414490500
1392558500
1394101200
1403617500
1402752100
1393387600
1405715700
1400521400
1404106400
1410319100
1415561500
1403392300
1404066800
1403978900
1413847500
1393726300
1409379500
1393040800
1457622600
1432763900
1438773000
1400318600
1424319900
1498174200
1542223400
1413696100
1402549400
1436735900
1394877200
1414352300
1412456700
1391844800
1412887500
1411158600
1417928700
1403288100
1409362600
1393673200
1412569200
1406214800
1397452400
1404088300
1410226600
1437054200
1420705100
1402485900
1421216800
1403810300
1400922400
1402769500
1424605000
1397693600
1399082800
1395342900
