1616764200
1475014400
1416547700
1394769800
1411486200
1409535400
1383391500
1390943000
1397820200
1398516400
1395558900
1373588300
1412459700
1410630900
1397536600
1384909500
1401954900
1415725800
1407422100
1398613500
1423334000
1435224000
1397577600
1389077600
1409472300
1415632300
1391395500
1395339600
1409851700
1408709300
1402469900
1411644200
1398534400
1415844900
1413551000
1405030600
1418745700
1387331600
1410591800
1417225600
1479957900
1426986900
1390669200
1461578600
1417374900
1403555900
1403650400
1405812400
1397732700
1382606800
1399183700
1393683800
1395914600
1388059300
1409409100
1407018200
1415253600
1407745800
1403425800
1388003000
1398727700
1402866900
1413216900
1402595300
1406332800
1394910600
1386607400
1395924900
1411535600
1389624900
1398753700
1449549500
1424969600
1411910300
1404886400
1416646700
1401246400
1447730000
1398243900
1414442500
1412224700
1395122500
1394367300
1394136300
1417160200
1415841200
1414315700
1423600300
1414818200
1411500500
1433606700
1428390800
1399757300
1419463800
1428290200
1407096300
1407527400
1436432000
1410283800
