22802100
21698200
27848000
22160300
31102000
23858300
27163500
33427600
26911200
21978500
21563300
22480900
27821100
23820600
27460900
21630500
21078200
25503200
24601900
21526800
21808400
21950900
26441100
27914300
22869900
28758400
26513400
24334700
29640400
26203500
24553900
30642800
33896700
30919700
26572900
21573800
24450200
31958300
27945600
23320800
23907700
22360800
22651700
26298000
28321000
22552800
21032400
22788200
27463900
22233900
20861200
20483900
21505800
24536900
24961200
22963400
24543400
23650400
23734700
23917600
20753100
23127800
22529800
23243700
25751100
21982000
20589000
20398000
22562900
26179400
24061700
23001200
28917800
24343200
27676500
22834100
21086700
22758100
20778500
24796800
21470000
22069800
20238800
23227500
23572200
23490100
20987700
24555200
22770300
22710200
22855600
22038700
21152400
21578700
21557600
22432100
22222800
21348500
23237300
21235100
21191100
22546400
22799600
24466600
22070400
22718100
20874600
21117800
21972600
21474100
21543500
23238200
20834100
21419600
22531300
23236300
22426900
22510300
20737900
27010700
22710200
20470000
20533600
22106300
21006000
28529500
24535600
25616700
21375900
21121600
21069100
20052900
22032300
20996600
20688700
21969700
23068600
19993700
21378500
22790300
21312600
20241500
21763000
20769000
22751900
21817900
21517300
22343600
21702000
