9175859300
8936688300
8984801700
8966662300
8914944400
8999095200
9128990100
8956177900
8989474600
8926326800
8930611500
8935296600
8985368600
9168592700
9058591600
9441246000
9126321400
9039523000
9169196400
9027470900
9231380400
9138521000
9168447700
9065136600
9037705100
9178549900
9732580200
9476654700
9031756100
9019207200
9012756800
9482983700
8989253200
9118679800
9132308900
8988273000
9050540500
9084800400
9000638500
9153761400
9776895700
9078368600
9042495900
9019095400
9168263600
9105005400
9027605500
9060925500
9002617600
8998487200
9002515800
9043090100
9073886000
9048076600
9049146000
8994330500
8984134100
9074662400
9157431400
9040278200
9045547900
9040939400
9055073100
9038758600
9005205600
9098657000
9072287400
9035362300
9043218000
9250314100
9038605700
9125309100
9058418800
8995149000
9000112900
9021565800
9003981300
9029356000
9085511400
9052493900
9400362400
9060245200
9078054900
9276014900
9122585100
9072349400
9249167600
9058794400
8982115700
9060112200
9040881700
9363809500
9085268900
9023995400
8993547600
9033436800
9052435000
9156387500
9073340300
