9196153700
8844789600
8855573100
8938682800
8967974700
9239216200
8992549600
9008423100
8981128000
9029875600
9131708100
9053105000
8964805900
9022021600
9002266500
9419946200
8980517000
9008145400
9173016200
8997463300
9077100800
9156006200
9018239400
9044277500
9071809700
9165512100
9420668000
9034030100
9013302400
9542613400
8991919000
9026640400
9068713700
9044198600
9002019800
9009346100
9020775800
9031029600
9450872400
9085554900
8964237700
8967174200
8974051800
9271596800
8992592100
9134289300
8971311100
9002033000
9289058500
8969651600
9054361800
8977648100
8990667400
9115402400
9021457900
9015894300
8986144300
9124103900
9096219800
8965900400
8975844100
8960269100
9039674000
8991058400
8969478000
8958194700
9000753900
9057594400
9086753100
9003948400
8983400400
9114456100
9030435600
9026135800
8977161600
9036900700
9054908100
9072820100
9044568200
9027659300
8959830800
9013363200
8970834900
9040642400
9051025200
9125890000
9017175000
8960616000
8953273300
9019646400
8991341700
9070923400
8982734400
9053720300
9050108900
9053769300
9004027600
9007046800
9142093600
