12368409500
12022661800
12126311900
12219922300
12112124800
12202220800
12290565900
12098802300
12070233200
12003334300
12217048600
12034370300
12068878900
12037541900
12315070900
12072016200
12094905500
12170410800
12268633600
12444327200
12074788900
12022267500
12126968500
12016891600
12085440700
12210316900
12492338600
12687412700
12193826200
12198299000
12398056400
12324858300
12186492000
12183305200
12506248700
12212047100
12324176800
12161267300
12307723300
12163154100
12218818400
12198965900
12306517100
12171294600
12136356700
12187637900
12529229700
12196982500
12166179500
12224331300
12348019800
12158456000
12169459200
12297365000
12365401600
12257723300
12299466300
12239908900
12386733300
12202272200
12231207300
12187480100
12325066000
12143593700
12158122900
12199300100
12435739200
12162292300
12224837100
12165724600
12348408600
12172761600
12195495200
12142824300
12335965900
12854646900
12417661000
12313609500
12372549800
12836583100
12229193500
12223317200
12537279600
12387618000
12266566100
12307674900
12184184800
12303576700
12233764500
12427891000
12204251600
12412622100
12213972900
12154527800
12147471300
12435558400
12515588800
12166286000
12175305300
