117807500
138215000
102966600
117074500
134183700
111657900
115197300
113441400
120611600
139251600
114867900
106466500
104971400
111496300
100945400
108769600
102894400
108146400
98040100
103297200
104202100
98860100
104428200
105321300
99977800
100646400
103470700
101041100
99773400
105616700
104297000
95538600
103069700
104845300
108202900
96907200
107864600
98849800
100022800
103814700
101995600
101184200
99405900
99316800
108835100
105036200
97480600
98812600
99057000
106352500
101343800
103386500
96422600
101651300
110589500
100229400
98080700
101904300
97148700
104939000
99332700
100424600
100485600
99428700
105016800
103813600
102222900
103034100
100044000
103093900
103497400
98353900
101098300
98476600
108241400
102692300
102947400
97621100
102700800
102618100
101165600
98708100
98743700
100253700
102810000
105213600
105332700
99834200
100138400
105730200
96394700
101684800
97256600
103470800
98441500
111502600
99081400
102334600
99155900
