29014200
42456600
26598900
42636000
30694800
30253600
26918200
22997800
25756200
28066800
26562000
26060100
25755600
31019500
35586300
29794800
23936600
22111700
26081900
22826600
23081600
23381700
31623400
27876700
26344100
25353900
22276500
30916600
27020800
23656400
26662800
24472500
30117200
26203400
25050800
25366700
32624800
42432400
38763000
27856400
21616300
22995400
22066700
23484600
24014100
24346600
24988700
22115200
23019100
22101300
24957800
24002100
24121600
21803100
24770600
22499900
22800600
21617900
22254600
23817300
24287600
22183100
21416900
24797700
23197900
25786900
23354200
23069600
25891200
24333300
23689200
22668500
21806800
22976900
24414100
23977800
23482600
23194500
27546100
27043400
22747700
21751600
20900800
24881200
23878200
22677100
22019500
22121600
21355400
23591700
26713600
26397400
23528400
21774800
24084400
21834400
22769000
22445600
22984300
