166552100
162954900
158052000
171784300
153438900
183694700
168207800
143127200
144845800
147016800
148006000
138172300
150708700
141641200
141917400
139145000
140149100
139334500
136892900
148557900
139231600
139329300
141691700
132611000
131330400
137917400
133892900
137719000
134293600
158987200
138614300
136075400
136991700
135198600
139500600
136200600
146681500
137798500
132662600
134283100
136591200
134765000
138658300
139740700
142209200
134107500
137599700
135577800
133107800
137281300
150152400
137279500
134229700
143547500
135682500
134904500
135087700
145114100
133641700
139252200
136159300
134459500
133532299
131931400
136291000
144702200
146596000
132195100
132431200
136841200
131170800
137281900
138349500
144725000
141024300
141255500
132853700
133045700
140710500
133133400
141756600
147566000
139014700
134568700
133629800
138234400
136904600
133313900
138457300
144346300
134494300
135086300
139288900
139467200
137809700
144782100
145080400
129315400
136351000
