100690100
110450800
133037700
109398700
118026800
133690000
122642800
114428700
112998600
109995400
109579900
99254000
106391800
98412300
111601900
101054400
97806700
97009100
99370200
98351200
105179900
100886600
103793400
100501400
123385200
101249200
98294000
100791800
101525300
104329700
96260500
102328600
103832500
101334900
106797800
102534800
96124100
99367100
96883900
99817900
100072000
99938400
101912800
98214000
110682800
101465400
109066100
99404000
102583300
104434700
107444600
97317000
100816300
97838600
112103100
102808900
96882600
98524700
104949200
100861800
100769200
97073200
98320900
100191900
107698600
105436500
99907100
100019000
97709000
102145000
100428300
101626700
97031600
104697600
105217100
104145000
98066000
105869000
95498500
102547000
100502200
103781500
99117800
101407000
101588600
109469700
95518700
102210400
100890200
99523800
99117900
97517700
99213900
99083500
104062400
113574400
101418400
102908400
100409900
