16818500
17412200
19592700
20569400
18608500
15631700
21791000
19288300
20877100
23854600
18701500
19162400
16409400
16149000
16652600
21142000
21190200
15588200
17819300
19240500
15937700
18605900
19819000
16045900
15778400
16934100
17445500
15940000
26724700
17046000
21227500
20905900
18333200
20517100
21239900
25509300
18284000
15809600
19222100
16145300
16754600
20741600
18329900
19349600
16504100
18442600
18297500
23231800
21696500
22684900
20261200
16571500
18942800
17735600
17318200
18651400
18515200
17155300
16900300
17350900
17009900
22519400
17392400
15424500
15308600
15597100
15987000
15248800
18395800
16932900
15883000
19183900
15583500
15501500
15428800
18945400
16900300
16059400
15396100
15026700
15589300
18349100
18895700
20504700
17866300
18024700
16759300
15741900
15032800
17494800
18878900
15511500
16169500
15834900
16080100
15953300
18883300
17629200
18680500
18763000
17807500
15981300
15920200
15773100
15752500
16345600
15619700
15392900
17096200
23476400
16472600
17007600
15361400
15665000
21155300
15767000
15431600
18276600
15493400
15323900
16730700
21732000
15861200
15189500
15591800
17445400
18913100
15125400
15006400
14987300
16913000
15280300
15457200
17212800
15518400
17686800
23154800
22918700
22359500
21250600
17699200
15938200
15906600
20553900
15541900
15428100
15395000
18886100
15096200
