158891300
144635600
151968400
147979200
178121700
162010000
196445900
154966700
143765100
147716800
138618200
151077900
148393000
147905400
140865200
141339600
152336500
135739000
144489100
142903400
148569100
136621100
137678500
136189500
133370900
138274300
150632300
139790800
140212500
133128300
143291600
139708700
136966900
138731500
140990200
141148700
134574200
136606800
140120600
134998000
135652800
136572500
143041300
135694600
138886200
138713400
139100100
140166700
138822500
148499500
136155300
141767800
137910400
135391200
143947000
139272700
140484900
147209200
136208800
136260600
139066200
136995100
140035900
140516800
157668900
130966100
140216500
135650500
138555400
140269200
137810200
137265000
141940300
137418300
138978400
138642500
154571900
140046000
143145200
144493500
141628000
131256400
135605400
139942900
134234500
136300500
145711400
153938900
130800500
133321400
140686100
141142900
133105800
149151100
138425000
136020500
137157700
136556300
134916000
145023400
138048600
148789900
152156500
140740600
135360600
136186600
136964100
136592600
136825400
135492000
146258200
142051800
134565300
136023000
137345200
142977600
140593300
154126400
136495500
133544300
135003300
131408500
133291300
142334200
136841900
144503900
135099600
148857800
135883900
137854400
144207200
136172200
136838100
139124000
142756200
135039600
135339300
143103100
133434000
136350000
140453300
138156700
135914300
134850700
143539400
141096800
141919700
138264300
139390200
