1203274100
1105120400
1075153900
1029390300
1026973200
1028728100
1029035900
1023734100
1024544900
1031850500
1027398500
1038687700
1034877000
1039921100
1026588099
1035534100
1035469800
1020518500
1047547900
1043787500
1035104600
1041007600
1038918500
1028515100
1037004400
1028226400
1026724500
1046437500
1023421000
1043351200
1040482100
1038008200
1031561700
1038673400
1049323800
1024551200
1037325500
1041926000
1034062000
1030819400
1021793400
1030938500
1033164400
1035793300
1035986300
1045817600
1077703800
1151312500
1165770400
1063002400
1052430900
1053061700
1075987500
1044421000
1055820800
1066295700
1037390700
1046527500
1045295800
1036771900
1037543600
1024500000
1044779000
1057911600
1049747700
1044099000
1034665200
1049143000
1050267000
1034817000
1047024200
1041744200
1052562600
1043831700
1041626900
1065701600
1045768900
1039259100
1036859600
1049351699
1049087800
1096919100
1055295100
1063595900
1153637800
1038013100
1040651500
1034086500
1046304000
1043372200
1033890000
1055766800
1072522000
1060417700
1042768400
1044147000
1063594800
1058929200
1055776700
1048933500
1059145300
1061649699
1039852400
1035523300
1055986300
1051485900
1069490300
1036365300
1053114200
1063405400
1065005700
1046655900
1051666800
1043379900
1058920600
1056061200
1033734400
1033412300
1036355300
1072033500
1027260600
1044070100
1055509400
1031723600
1061791400
1039726699
1044601699
1044501700
1041587199
1034025400
1055722900
1035161600
1032214100
1223957600
1036807000
1031639600
1038940200
1035125500
1054379400
1052037700
1074242700
1059692900
1021153500
1041213600
1078786300
1051187200
1063011500
1054295800
1043531600
