1250824800
1103785500
1121019300
1054174900
1049341300
1043441400
1047443800
1030995600
1028882900
1031692800
1030924700
1033725400
1026545200
1038367999
1035000100
1029271900
1034697700
1036134700
1040204000
1038342800
1032637600
1061020200
1042416300
1046149600
1043065400
1044525500
1047989600
1068056700
1028225500
1036318300
1032952600
1032068900
1037594800
1026822600
1040711500
1029479400
1045066100
1052774500
1045104800
1039251800
1047035300
1064771100
1049856300
1047052400
1051960700
1043545200
1048659800
1033780300
1047400800
1035777400
1085376100
1028887500
1036916400
1065044200
1035442200
1043973900
1042819500
1028938500
1027898600
1033753500
1026573800
1031371300
1039563500
1029548400
1049309000
1031542400
1037097100
1015805100
1047491900
1042032700
1044957900
1034454100
1028986600
1031839100
1035373300
1036794600
1046237700
1025520800
1035594500
1022199900
1033470400
1045065300
1029626700
1032020000
1030492099
1017602400
1032747000
1029476699
1027812100
1024509900
1037325100
1048206700
1037272600
1027620900
1063459500
1057539100
1027915600
1042538600
1039608300
