12268211600
12116636300
11958189300
11948315600
12053719400
12115948200
12039341600
12047632700
12044448400
12038475700
11994131000
12012902700
12020442100
12073345800
12050921500
12011558300
12010826700
12059947200
11955210800
12333840100
12031366000
11990713600
12014360700
12097205100
12012110600
12008937900
12200908900
12313607400
12126816200
12165875300
12154597500
12250179600
12186180400
12218671500
12167695600
12549772900
12154763400
12143465500
12181851300
12372235000
12292603900
12108489800
13102124800
14879117200
16057741400
13602530600
12563568700
12451072300
12228728800
12612079500
12123212900
12272152000
12182129400
12359888700
12546761600
12287303100
12166184600
12092785300
12115325700
12429784400
12506277800
12084166200
12161491600
12273433400
12151617900
12105925500
12219587900
12303569000
12114684700
12190056500
12143934200
12234991500
12303543200
12171489500
12162096600
12258437200
12208371800
12138510100
12100819100
12127324300
12206959600
12184420200
12165201100
12113180400
12269851600
12119892200
12149219800
12218450900
12284858900
12144670000
12142834200
12092245000
12351470300
12590375800
12205501400
12170218400
12260607400
12257833700
12209790000
