9436301100
9700962700
9387207500
9325156300
9211947500
9222565600
9350708200
9338295500
9255992300
9446514100
9474888200
9267399300
9330193600
9235752400
9256684300
9300013700
9335557000
9344363900
9303368400
9342936200
9396063800
9283240900
9285863800
9357754000
9395968900
9248645100
9329126100
9837142200
9302754100
9376231700
9279758800
9290464800
9313976000
9275092600
9399234900
9261188000
9283558000
9575721800
9287268000
9253782000
9284737100
9321844400
9268628800
9262187200
9390646800
9379451900
9304703500
9338431600
9378640200
9508245200
9272872900
9302941800
9307772300
9283803800
9310289600
9243876000
9247159700
9286139900
9322994700
9261705500
9362527300
9350533500
9675292100
9284561600
9270124200
9378896300
9271437000
9567932800
9298806100
9286193800
9298650100
9470689700
9324921800
9305667900
9283023300
9335867400
9274106300
9244909200
9248225000
9237367700
9203741800
9277379900
9236325000
9299655900
9322907200
9251203100
9286013900
9206691800
9247001800
9306507400
9242594300
9273378100
9272765400
9299123400
9235636200
9255392300
9254180800
9395396300
9274944900
