16425700
17237600
15773400
18369200
17238700
19707700
25551600
15736000
19465000
17745900
19344900
20996800
18943300
15601200
15879300
20896600
18009900
18597000
20337000
20589000
22799200
19155400
18487900
16362600
19795200
16459000
16039700
19975300
19778000
18302000
18514200
17731100
18927200
18617000
17095400
18867300
17500600
18497700
25387000
21678700
19765100
16292200
22076600
17642400
22264600
20622600
21327200
20026900
21541100
22271300
22373300
21971100
19537300
16937200
15574800
17773500
15864400
20878100
16703600
15661600
15735700
18783300
16847900
15438700
16027600
15968200
14924100
17136900
15089100
15285500
17708200
17353700
17037700
15908300
19628200
15563400
16596500
16972500
15557400
23572500
18629000
17935600
15657800
15020600
16715000
15495500
16401500
17890300
18455700
18005600
16275500
15699400
16982200
18895200
17441000
16991600
18108500
20143900
19025000
