12373763100
12122184600
12022371100
12119850000
11992346500
12091576200
11968367300
12162194200
11944913800
12125996600
11961458900
11996849500
12047340000
12050502600
12040900500
12055348900
12074660100
12165798500
11957617200
12158062100
12040934900
12110639600
12066740700
11928377600
11981857500
12055092100
11935909400
12151506500
12090883500
12269850200
12406580000
12347170000
12527989200
12261747600
12836579000
12333162000
12387101200
13698637300
12301541400
12176306600
12360051900
12282788100
12162432300
12182054700
12170538300
12297760800
12109943600
12149715800
12132559100
12177640300
12404410100
12147166100
12071611300
12248371000
12091289400
12101455900
12131720300
12233884400
12158788800
12267515400
12365701400
12546085800
12489608500
12113619800
12111817200
12293711300
12257647600
12081051500
12071704400
12295937800
12281737700
12070511800
12152721700
12293408200
12229542800
12160271900
12139607300
12281215700
12161620700
12175163700
12763906200
13008549500
13253514600
12143154600
12385540800
12168922100
12216490700
12380626200
12181535900
12072862800
12386448100
12134229000
12127896700
12096297600
12299830300
12136938000
12084582800
12112598000
12312537700
