1643142600
1505816400
1412912700
1390003900
1392053400
1399703500
1399261300
1391790400
1422517100
1457917300
1415979600
1432526400
1412678500
1414459500
1454695300
1404005700
1523872500
1423198400
1419332600
1420573400
1451105500
1393897200
1421970400
1414786300
1410953000
1406636700
1431861800
1395914700
1401322000
1394300900
1428830600
1408652100
1422918900
1398813700
1421028800
1393183100
1420972300
1377164200
1442623900
1483207500
1476551200
1398609800
1425249600
1387343100
1437321000
1418953700
1406180700
1386240000
1407214800
1408790000
1415329400
1407325700
1412135700
1377621700
1496443200
1415395500
1402899700
1394695200
1404868600
1414858300
1436328900
1396945700
1420219400
1377083300
1423476000
1376567900
1401425300
1387424400
1410747500
1379703200
1441757000
1394048100
1411886900
1410235400
1537920200
1382410600
1426705900
1385955700
1443779200
1423978800
1423750200
1390228800
1421529900
1403875600
1417345400
1424795500
1403335600
1403758200
1403235200
1440168100
1444768000
1418322500
1406639900
1391225400
1411349100
1418094200
1421008900
1408379600
1389160900
