5445600
5627800
5491700
5344600
5357900
5236500
6198700
6856600
7001400
6153500
7469500
7146600
5050400
7609300
5342800
7440000
6637000
5656600
5946700
5334900
6343300
5791700
7026400
7227400
6323500
5443300
6328000
5161500
5483200
5211200
5908900
5203300
5826100
5299100
5299600
5110400
5209500
5277800
5420000
7089900
5449700
5562300
5532400
5235600
6972100
7526900
5594200
6851800
6409100
7933500
5538400
6028700
5475100
6141100
6554000
5728300
8602800
7941500
5837300
5301900
5123200
5463700
5159500
5623100
5293200
7421600
6506900
6710700
9464700
7898800
9204000
7490300
5896500
7479400
6422200
5309300
5406900
7128200
5172000
5173300
5219000
6330000
7787800
6810300
6555100
7546200
7907800
5192200
5287300
5228400
5563100
5924400
5169700
5329600
6622500
5409400
6037900
7651500
6970100
