385624800
377610500
441706800
354135200
379915000
357818300
364445100
381633000
356945800
361110300
375275800
374652600
354090600
360770000
350829000
351610900
364241100
360504600
358903800
364108500
357353000
360296500
354855900
344660100
339484000
347161500
333253800
338912800
347132300
344316700
345714700
358208700
340182100
334133500
360900000
338368800
339124000
360022200
342321500
344852600
342548800
350653600
345306400
340228400
336209800
352933400
338703800
340686100
346812800
345658400
339226100
350352600
343429700
338035500
342074400
341506400
338426700
350975400
340854800
336117300
351581300
349648000
344309000
341767100
340927200
337883500
346272800
343097400
357322400
373474300
345683700
341878800
363092700
343908400
348372300
372117000
349903800
343442900
373477700
342453700
341426900
338513700
342207600
345247300
341814500
346744500
336696500
368038900
346154700
336708300
348220500
344800300
342092500
346632400
364346600
362769500
366495100
360692500
352195800
