5882600
5639900
5750800
5589700
6007100
8554600
5237300
7117900
8099000
8012000
8786700
6622800
5493100
5339200
6032600
6863600
6606800
5264700
5716000
8469800
5813200
6631500
6040600
6450100
7367700
6791000
5931800
7640200
5347600
5438500
6306600
5712300
5509600
5572800
5336100
5735000
5274300
6313700
5856800
7395300
7174500
8562800
6825200
7432100
7288400
5873700
6144700
14008800
7189200
5522400
5624000
5427500
7926000
6044600
7729600
7971100
6920700
6481700
5273900
5430100
6668300
5702900
5450500
5282600
5292300
5253800
5309200
5313700
8324700
5336200
5285700
7080600
7019200
7045900
5717500
6496600
6563900
5273500
5985100
5283600
6441800
6129000
7427100
6523400
6222600
7904700
7829200
8770600
7569900
6947200
5578400
5308500
5614600
5512100
6228300
7366500
6769800
5253000
6898500
