35809000
38421200
33181500
33426800
43820500
46229400
34721600
35673700
35419200
34535100
42019300
43432300
35225800
32479900
37783600
34233500
37725500
42876500
39270300
32598900
34886100
54385600
40900600
45076200
47371800
39432400
41855100
44772000
35521900
34597200
33990100
40532800
31886000
33144600
35521000
32782500
34349400
36686900
40844800
32549599
32559000
36241400
33379000
31815500
32829000
35115400
37978600
36544600
45335200
37252600
31518800
32828200
33126400
34803400
33014800
34905600
33171600
34941000
33494100
35098200
31406100
33443600
32401400
41907600
31816100
31547900
31395100
31945100
34048900
32267000
33319100
33617100
30858000
37685400
32575100
35561200
34096600
32662300
33757500
34168100
33143600
33936900
40602400
35640600
32827600
34930400
33624000
36222200
31240100
37447800
32695800
33698900
34101200
31850300
33274900
34695800
32230400
32964800
31641200
