10204600
8329400
11844300
7120000
8458400
9782100
7337200
7311400
10479000
10440000
10587600
11371800
11273500
10035400
11336800
6828100
7686800
7262500
7160300
7500400
7990000
7619900
6997400
9333900
9957100
7788600
7244800
7395800
6979900
10957100
7990200
8270900
7139000
7588800
7593800
7795400
9531900
8561200
10285900
9489600
9002000
11698900
9475300
9139700
9328600
6819400
6954000
10727300
9136300
8002600
7020100
8794300
7080100
8093100
7434300
8625300
7385800
7535900
8135300
9461400
11032700
11208800
8992100
10733900
7952900
7096900
7662500
9830900
6905700
6874600
10359000
9696500
14947400
7578600
8466200
8978400
7498500
9855800
7899800
7480100
7574800
9066100
8152100
12898000
8346600
7529900
10284800
7265300
11779000
7851900
10469000
9748400
9726000
9400900
10570900
13014600
13872700
12633200
10228900
