3213156600
2948519300
2905996200
2916370800
2918448200
2898239600
2913661500
2919838100
2928958100
3016525400
2972838300
2917469100
2976313700
2968186500
2987654000
2965171000
3003154100
2964777000
2960310200
2968902500
2963630500
2966205800
2977572600
2995247500
2941106800
2937024600
2940317400
2937749800
2967388300
2932826000
2932122100
2945458800
2968089400
2994599500
2938544400
3111291600
2917205500
2982432800
2990025400
3001521900
2949279800
2941908300
3049599600
2963151400
2958332600
2964948200
2961598700
2934333000
2986602800
2930580400
2968550600
2974722300
2962049500
2964330300
2955184300
2949968800
2954881700
2950853000
2956217700
2962863000
2927486100
2989190900
2975417000
2945783000
2937373800
2952484700
2959614100
2964534000
2964587500
2960542100
2940802100
2976176100
2972331800
3006999900
2959790200
3051300300
2937334600
2958345700
2985582600
2941013100
2972014600
3002589300
2947847100
2971499600
2953880600
2968142400
2956876400
2964270100
3057163900
2978666500
2973756200
2936218500
2969754100
2961940400
2946727500
2962608600
2949590200
2996831500
2962525600
