3186562200
2951000700
2947417500
2933497900
2949882700
2932534600
2934142500
2945175600
2946774000
2948385000
2949106000
2954992400
2941396900
2950471500
3000382200
2918045800
2934025900
2974425300
2949779900
2901646300
2921510300
2916608100
2929655000
2916462600
2915887500
2939338400
2933103800
2937540600
2957163900
2930739400
2946090200
2948002800
2933350400
2905652800
2943931800
3018200000
2949839000
2946776700
2927148000
2942624400
2962909400
2937607700
2907172100
2928085400
2934376200
2946285900
2966244200
2956364700
2934983800
2929265800
2942882700
2904448600
2921120400
2927943300
2913871300
2960819000
2935727700
2990071800
2921738900
2910657400
2930429500
2918579600
2910431200
2948772900
2934064300
2944260400
2935880200
2957421500
2911154800
2929312200
2950099100
2908451800
2920077700
2956031300
2944202500
2938248700
2931923700
2954712200
2992508700
2918500200
2925226700
2970247200
3004278000
2945333400
2936100100
2938662000
2962161000
2927316400
2949217400
2925375200
2943290000
2939700700
2939994400
2980071300
2947076600
2964136000
2980228600
3087840300
2953763700
