52375600
52306900
60588500
67840500
55027600
47439800
51083400
47442800
53411300
56221100
44739700
45880800
58832400
59730600
54806900
47717500
49078300
56939400
51481200
66725300
48827900
56150500
59510800
44903800
46097800
53221200
44094000
51260600
49641500
47248400
49647300
47186100
51891400
49732200
46328600
44845100
52365700
45096000
48103500
43181800
48842800
44563500
53450400
44303100
45141800
45334400
46994300
45032800
47071500
43625900
46547100
45476300
49104000
46574100
48716300
45727000
45556500
43391200
42525800
42679600
49159600
45151400
43855100
48919800
50263300
43372500
46516800
43302600
47112800
46271700
44519100
42834200
45504700
49581100
47983900
46936400
46278600
45415600
45352100
44245100
47170100
43391400
44334100
46458800
48255800
47852100
45371000
42953100
45601600
43860500
42147000
43984200
44995000
45567500
48150400
50184600
45922000
46014500
44017900
