4236235200
3948600300
3976468800
3936878200
3944565700
3922045700
3938915900
3975526100
3999542900
4012695700
3984976300
3955828100
3988044500
4009323800
3955490800
3949102600
4047764800
4034386200
3958205800
3973900500
3948249100
4014809800
3960683700
3918472000
3941495100
4015678500
3950356300
3927043100
3994136900
4049655100
3933948800
3878165300
3937348100
3996579900
3953605300
3968404500
3965818900
4008647100
3951480900
3951631700
4023254600
4005646200
3974433500
3969454200
3920458200
3956727900
3969438300
3996877500
3991276300
4023800900
3994165200
3940519400
3911947500
3980269900
3952510800
3960402200
3963844900
3991779400
4216533400
3943799800
4053982000
4020014700
3939672500
3988980200
3930272600
3990378200
3930078300
4026035700
3939156200
4000046100
3979237800
3950784900
3940459600
3969714100
3995303300
4026695500
3998030100
4052921200
4001239800
4014650100
3990585200
4073346000
4001744800
4011707200
4011843300
4106818900
4054127700
3997857000
3979542100
4043267400
4056893700
4001474900
4362810100
3991370900
4064901200
4053324100
4018501500
3988421400
4049531800
