4224472700
3941572200
3955558900
4010450600
3965469300
4007948900
4002576900
4010246800
3942439700
4014603700
4010266700
4103040300
4046501500
4041565200
4349452000
4038419600
4061163600
4016770300
4035451300
4366125800
4050896300
4115132800
3961329600
4001122100
4018402200
3996118000
4070404100
4017663500
4075801700
4002910200
4226527000
3972746600
4087377200
4014062300
4091035500
4002405600
4040648400
4012127700
4132449400
3970681400
4084132500
4108737000
3998564100
3984649500
4058364800
4009433900
4132187900
4060468700
4036253100
4144087800
4015970400
4025420200
4002005900
3971372800
3978444200
3999350000
4644806800
4340308400
4048077200
3995089600
4076655000
4093758600
3985398200
4011142400
4043450700
3999554900
3984433900
4013848800
4047544700
4026342900
4013489200
4025753100
4033355300
4003217200
4037971400
4000360600
4055386600
4032591200
4020491900
3984201700
4013790900
3977853800
4019319300
4032572700
4064601200
4018458600
3983926200
4011078200
3975805000
4057969400
4028029000
4046958700
4022694600
4040355100
3997609000
3989620100
4006846800
4111055700
4003243500
