33770400
38991500
39917400
41109500
41820800
33340400
38084800
38425800
39976800
43531600
39295400
33175400
34263800
35550200
46583300
38281800
32652500
43287600
45788900
37633000
41192500
35747400
36970200
46662000
44963100
38751800
37891700
33457800
31913400
32658900
44755300
34895100
35057300
36782300
32043700
33215000
35473800
39430000
36203000
37219900
39979400
36572300
32876700
42002800
43517400
33946400
32558600
40999500
33937300
34565900
37232900
32367700
34640200
31770100
33803200
35131000
34692900
35980400
32192200
34750200
33901300
34831800
32932700
33229800
37551000
36656900
35534700
32719100
34708200
33896500
38695500
34982300
32646800
35079600
32167700
32007100
35823500
36802500
34593800
32524800
32434500
34917900
32040200
33988500
33928000
32323800
33108100
32597000
33644000
33466500
37981800
35129700
33880200
33198000
34597100
35053500
34678900
36699800
35448900
