7996400
7366900
7390500
6730100
7292000
7347400
8553500
10711500
9291100
9521900
12019100
8133100
9690000
8027400
9572300
10916300
10735200
10635100
9324400
8613600
8506000
8178400
7199900
7464600
7412500
9134500
9287000
7837100
10059700
8677600
11600000
13901300
13188900
10551600
8746100
10083000
9073500
10356500
11484200
7197900
7087700
9360200
9563100
8705600
7976500
7071600
7380800
7075800
7677600
7032700
7132200
7278700
7233900
8356800
8468300
7267500
9628400
8434400
10602400
7772900
9136000
9549900
7661300
7098000
7449500
7950500
7317500
8215900
11148400
10343600
8782300
7531400
7326500
7077900
7609200
7626700
7135800
8731600
8229100
8369700
9334600
10289300
8492400
8255400
7873500
8313500
7289800
7100700
10320000
7268300
11446800
9444900
8388200
10235900
9487300
8499400
8768800
11122800
10952300
