385854100
394843700
417102700
367700000
368532100
350891800
351953100
339204800
347772100
341875300
346217200
339821200
350920500
351037000
336652100
343836000
354739700
338144000
358376200
360047600
344857300
340806600
337134000
343252800
346446100
333938100
350856500
344371700
335563100
346035000
340615400
337418500
346515800
337963000
338142200
343560300
341268900
342799200
351092300
350333300
339983200
346774000
337611200
342307000
346938100
343763800
346817500
344828000
346287500
338189600
349967600
334693300
337663400
348987600
332457900
342880400
341143000
333129800
334945300
340104900
342911500
360912800
336106000
349903600
352691700
331194100
337114700
362383500
341829900
333053800
351162200
338833400
339390200
353365900
340931300
345408400
352242600
338619900
349076100
348768400
339140500
345989400
345533900
337800900
340721400
356410200
334712900
344811100
347017800
337727400
377388100
375069100
334755400
343434800
345985800
354543000
354160500
340516400
339663600
