7104300
5265500
5285000
5600300
5456600
6188300
5378300
7346000
6377500
5785300
7400700
5748100
6732400
6073100
8179900
7537700
6051400
5366700
7413100
6401300
5449300
9493400
6821500
5785800
6104200
5665500
5689600
5417600
5333700
5406500
6603900
5297400
5702500
5399200
5835700
5256300
5959400
8625100
8402100
5704000
8401900
7328900
5617000
7450300
6882200
6886700
6149900
8456500
7281000
7730500
14726300
9009000
8193200
7415100
6610600
5271000
5236800
5238400
5270600
6198000
5356000
6241600
6457400
5420400
5629200
5565000
6240900
6261600
6668300
5828000
6530500
5578800
5911500
7467500
7119700
5560800
7026800
5290800
5348300
5229600
6180500
6829800
7413600
10529200
7560600
5290200
5262000
5285200
5234100
5344300
5552200
5267300
5277700
5309300
5434300
5694400
6690100
9056600
6466600
