54708000
47110400
51216000
52246800
45901000
44810200
72751100
55134200
64754500
56095700
53443700
50625300
50273900
59374700
45883900
52683200
57968400
46887200
60054600
57203100
55085400
44474600
44797300
53712700
46724300
51111300
60060500
44910200
53992000
45760300
46684000
51554100
43796200
47403500
49359700
44533100
48836700
52951600
44323300
47802900
45226200
46957300
43968900
44549100
44413600
43567700
45816200
61424600
50847600
45751000
44959000
46875600
49065600
45302200
46679100
50759900
43234100
44492300
47550900
49386300
42716400
46335600
49363900
45728200
43834900
43902900
60535200
61535400
71514100
52383300
44568500
44386300
43206800
44159700
45695500
43465200
47427300
43456200
48210800
46448600
44978100
43120400
49392500
45799800
46181200
42562000
48248600
44806500
48621900
54300600
46184600
43261900
45377100
43631600
46526600
46563900
43406200
46178200
46017500
