34000000
38440600
41518100
35883400
45443600
33742700
33708600
33771300
40551600
34950200
42244700
45145900
34001800
32378000
36745800
42905900
43634700
49865400
38142100
32715200
34149500
39311200
42502900
36861000
41062700
40928000
41095200
39897200
32268800
32263800
33146400
45797500
35010300
34213100
36478200
35709800
33441000
35250700
37316300
32999200
31151100
32192600
46086200
34276600
33190800
35057000
33253700
34526900
36841000
39672800
34218300
33581900
36312000
32741200
34821800
32698600
33098800
32417900
34988600
33460100
37115500
31649100
36686800
34443500
37782700
35044200
32435700
34591500
33877300
33059200
33992100
36837500
38974900
32580000
33975300
33730100
36811700
32814600
31754400
35407000
31355100
33586200
32755900
33774400
33608100
32923400
33920100
32787800
32493300
32203900
34212000
34322400
32852200
33492000
31782800
32791100
33920200
32142000
34778400
