538880800
587451200
504302400
500193100
470839900
534114700
461572900
460387500
472258300
453327000
465393000
453761600
467789500
445121200
456293500
458906200
458368600
470449800
454943100
469090100
451484900
464561900
451730400
459365900
464185300
458866600
470372300
452856500
458777300
446685200
470121100
458598600
463357500
462077400
463529700
459118300
454689700
476574500
447326300
464456800
455318600
457454100
461882200
454725100
476925400
451806400
469457900
464050700
468212400
461196600
460409500
474446000
462615800
468130500
474687100
473197200
456793200
476297200
485999700
470587800
486163900
455925900
475654600
463954700
458636200
456177700
461223800
519765700
460957300
465934300
461048800
462198400
463683700
465501400
458222500
473113200
465257600
475486100
463929900
454407600
476539900
450880900
472390400
461448700
460365300
470516700
463467100
463828100
472482100
470491200
455726400
479312700
451649600
456074900
473176800
476310100
499162900
481778500
471257200
