48217200
54828200
50209500
52976300
48768100
50934100
53387300
55895200
51980000
47110500
50333700
60254800
68987700
80673500
51610700
48478200
52864100
50199300
51903200
68187000
51293800
49225400
44385300
51524900
48448600
44835900
45189500
49467300
46810700
50681600
47527600
44340400
62050400
50547000
46442900
45688000
46490400
51766200
44007600
44034300
47764200
44411300
46086300
46495500
48154300
45746200
46942700
44928900
48013100
49204100
50874900
45478900
45343700
48125300
49762700
44895900
49429400
44642800
43638800
42866500
46404400
45635600
44615700
46985000
45101800
44907700
43328100
45085000
44917900
49830400
44826300
49812800
44907200
52191400
44517700
49591200
51100900
43733300
44630300
45600900
44684500
49029100
44515200
45878700
43082500
47452500
43785600
45232100
47755700
46988300
43732800
44718700
47069300
47319900
44786600
44975900
45153600
50497300
51720800
