3223548200
2987360900
2942859200
2946629800
2917674900
2925685600
2923240700
2945287300
2955727700
2992610700
2943942400
2972494000
2951205300
3003134700
2956111400
3007472500
2969585900
2933179400
2937957300
2936329400
2911972000
2931288500
2908273500
2955269000
2920855800
2931643900
2923904300
2916129100
2950189000
2971260700
2947144100
2936054100
2955710100
2998260000
2945229200
2951103100
2963365500
2930457500
2944167200
2947782300
2920860700
2935848600
2921878600
2911856700
2960792300
2927030300
2898494100
2900483000
2933359900
2914260700
2907387900
2921309100
2920173400
2927984900
2929590800
2948102600
2894329700
2921667400
2916523800
2943399900
2899855700
2929012300
2957396800
2929304900
2917341200
2931520800
2922613500
2937016800
2940910900
2942930600
2958502300
2942597600
2959107300
2951708000
2933186400
2933362900
2976154200
3145081500
3013675500
2917203300
2925616900
2938500900
2935746400
2948818000
2935625300
2946262700
2932999100
2896388300
2921468700
2913541300
2920061700
2904691900
2941999400
2908054500
2940824100
2910053500
2946295800
2949332300
2975252600
