4314475800
4086742700
4007673000
4075869500
4048671800
4098549700
4064765900
4124839100
4039541500
4132553800
4106422300
4098515700
4086286500
4128990300
4057851500
4081662900
4061467600
4099843300
4017632000
4096772300
4016318900
4096721999
4052312000
4091710700
4053138000
4089065400
4049716300
4115796900
4070954200
4099069800
4041629800
4073732900
4033077700
4062461600
4049833800
4122394100
4096350500
4145043700
4068820500
4113621200
4073238600
4104969900
4079487300
4090824700
4031862400
4096739600
4102980300
4106806400
4089798200
4097101700
4083028800
4108889300
4062487500
4090015400
3997280500
4080666900
4049848500
4458496600
4040792700
4118533300
4040992700
4091833200
4056985400
4112324400
4074149600
4123275200
4039851900
4119494100
4042370900
4099907200
4037122500
4118106400
4086840400
4175867500
4108073900
4100898800
4062963100
4136361200
4111823200
4207609500
4180301600
4196442900
4089852200
4149051500
4166819100
4186551100
4163978400
4144974900
4474656800
4251906300
4084090200
4139849200
4257056900
4154132300
4134399200
4097616000
4099779700
4088390900
4419408200
