537454400
569586100
515525900
491739400
482642200
476477500
457880600
467571600
460936600
477886100
453492400
455584700
474047800
465114700
468190200
456913000
472692400
458170900
453121300
475364000
461179100
464640200
467656100
464557700
487918500
470192600
472028600
470190200
478730100
460279900
484669500
474753200
475336600
478018500
472673200
459786700
465234900
482342200
449823200
477977900
475599300
465946000
472770100
483705900
482472000
457860400
472879800
469921500
494438000
460271400
471227500
479476400
475908400
460328400
464341700
462974900
476245000
476437100
453310800
515192400
531434800
498821100
462358400
463166600
535618300
464017500
467245800
467471900
488595100
477845500
487373900
454614700
474323900
468301100
466694900
462370500
462243600
466272400
459065900
473276200
459679600
458750400
483781600
473766300
476636900
475182200
465727100
461307400
462646400
467092800
461943200
475007200
457906000
457968700
462226300
467991800
471304700
455598700
475602800
