527769000
549780900
486660400
496832300
467656600
472582400
474638500
463120900
465285800
450489800
480798800
454712300
461506500
458296500
458168500
454300700
457694500
469535700
450934700
477571100
452000900
471372400
457852300
455194400
468389400
456516100
464202300
449986700
468479100
452603700
466741900
460097300
462353900
460974100
455207300
488738700
457118100
497893300
448524600
467946100
481163200
461083200
458864900
474507200
462914400
467079900
480354100
465706200
462437400
458140000
476106400
455407800
450280700
470004700
456230200
459808000
461282000
468280800
471646400
466127400
469205900
519147400
463021000
456074900
480642400
507643800
485981100
493608300
467866200
469093400
473553600
463695800
470505400
466774600
456664500
468345000
463012000
475827300
454648300
474182100
476154900
458350900
467853700
455856200
472295200
454433600
473902100
464204400
474359400
454905500
457163800
462564100
475277600
464626400
455035700
473933800
452232500
478020000
460032700
