371630500
389084400
401845700
352105900
370622900
347708500
349150700
350164300
345934000
343878600
355176500
343363500
336722100
351530900
353171600
337705500
371834400
331576700
343599500
351723400
336153700
338695300
362399300
337372100
340467800
357685000
343247700
338512800
353266800
337966200
334802000
357906800
339214800
343866000
353745500
338488300
336403900
350363400
341210100
334249000
344965500
337220800
334486000
354169400
342914400
332095700
344976300
335974000
335080200
349079300
337281400
344351000
338293700
330968400
337586800
335101000
340651300
339818300
330676400
343588600
343409600
331194300
341807400
341794500
339077400
335146900
345634300
336876400
345967600
340670400
333115900
341883700
338060100
334301300
345266400
341482600
335765400
348993800
352306700
335347900
345823200
349539600
339261500
361238400
340944100
342698300
340043100
341486700
337000300
345112600
341015300
336164300
339349000
349170400
343783200
346064400
347574300
335759400
332868700
