11547000
8650500
9582300
10222900
7612100
7533800
9352200
9649700
8672900
8286800
7412000
7434500
10645800
10403600
8306500
7295700
8001400
9543100
9214200
10402400
10154600
9912000
8454800
10328900
9668000
7528800
7742400
7224000
7289800
7670900
7339700
8974400
12508200
10771200
8373700
9437800
8860800
7067900
7291500
7435000
7446600
7664900
7620600
7364400
11849200
8668000
7606700
7907700
8614600
7146500
7182300
7396200
10909600
8666100
7873900
7533300
7364800
9544000
10161000
9309300
7344300
8004800
7973300
7321100
8164700
8183500
7180000
7620500
11035000
8139400
8864900
9188700
7772700
9249800
12388100
8710400
8384400
7910100
7223300
9684900
8655000
10146100
8691000
10445000
7595300
7371700
7146100
7444400
7786000
10866500
8660300
12690300
19694600
18672600
11039800
11002500
8154500
7736300
7893400
