5866300
8315700
6704600
7709700
6366500
7688700
5501900
6150900
5168300
6689300
5288500
7274400
6512900
5489400
6287000
5607000
9349200
8173600
8256100
8544200
7533600
6935900
5391800
6163100
5927400
5336600
7354900
5840100
7355200
6554500
5693700
7983100
7876200
7984900
10388600
10423400
7627800
6880400
6174900
5268100
5305800
5460800
5800400
5208700
5303500
5238100
5631000
5324000
5399600
6115900
8501200
6371600
7133900
7578500
5916100
6565300
7759000
7510200
6210900
7052800
7824100
8450200
7976200
9106700
6353900
7044500
7269900
7885800
10446400
8685200
5329700
6201000
5314900
5207100
7839300
6837400
5438600
5381900
6786600
10552400
5306700
6259900
8312500
7023500
7385300
6769500
5169800
5426700
6312300
5660000
5361000
5490500
5725600
7739200
6140200
9123900
6810100
5605500
7429200
8122600
8422800
8522500
9317200
8696400
5962400
7969500
5534400
6371000
7951400
7623500
6318600
13184300
8102800
8769900
8178300
6427900
6720400
8226500
6910000
8128000
7627300
5459900
5501900
7548600
6057200
5248500
7582200
7349300
7263700
7991500
9788800
6686200
7226300
6717500
7779300
7760100
8017100
7729500
8458100
9483200
6108300
12130200
12697300
10588400
8092100
8571600
6200600
6161300
5128400
