4203443400
3997864600
4032688200
3985360000
4052685100
4040301600
4061313800
4033239400
4067206500
4032970600
4054244000
4025844500
4051238600
4045046100
4021217400
4065820400
4112849300
4066048600
4055731800
4043524200
4039953400
4004322200
4008828400
4045192700
4076611300
4057647800
4060836500
4105665500
4092993300
4131975900
3998942000
4124137700
4181709600
4001749200
4028736400
4068680600
4079220400
4049072800
4024352800
4072775700
4107391600
4031745900
4043850400
4047663300
4033809400
4049671200
4063376800
4091565500
4194896200
4037005300
4021584900
4042705800
4065796800
4047745900
4021861700
4038380200
4086047600
4548377400
4063199000
4039283100
4059558600
4156677500
4058391700
4028505100
4069029500
4066293600
4033809200
4048481800
4111069300
4489264000
4053454900
4114892500
4073435300
4047096200
4057119500
4029242000
4069420900
4056714600
4071571400
4016166100
4082562600
4054652900
4259397500
4037833000
4071908900
4014549700
4027797600
3977135300
4018323700
4152320300
4072885100
4031306800
4306192900
4054718500
4031058800
4008320000
4045563400
4076774200
4068490900
4053522000
4041351100
4081388200
4014964100
4048173900
4086967400
4280469400
4020610900
4064482100
4046483700
4043296300
4038783600
4020882600
4053921400
4078222900
4060744200
4036735200
4049587400
4083623700
4245091700
4040623000
4011328300
4036164800
4029048600
4168553800
4046123000
4073303800
4038228100
4055740900
4020771200
4060095400
4017086700
4029440900
4027563600
4073125800
4016570100
4034887000
4059888600
4061847800
4033421900
4021263500
4103115600
4342519300
4010306700
4035865400
4030576400
4058518800
4017307600
4149908700
4062850100
