4381735000
4137613900
4077789700
4074764200
4141609400
4096445600
4119893100
4093278100
4119671400
4140487500
4187534499
4102451200
4148971099
4111194700
4153774300
4120769700
4634772400
4144578400
4181737100
4175000100
4202579100
4197752400
4205053300
4207697200
4183197400
4248499800
4282201700
4229890500
4285163000
4194925500
4168232000
4228406200
4212535800
4346494000
4187840100
4192761300
4182241500
4165149500
4208187000
4219073400
4252167800
4211876100
4552672600
4183570100
4224603000
4196896700
4394495200
4211962000
4200693900
4205729700
4159227100
4166442300
4164341700
4208796200
6370663400
10835381600
5903535900
6645038200
6009936500
6918002500
6248993500
6069755300
6903349000
6610464900
6879360600
7608768400
6083721800
6538889400
6724885600
7074593900
7274365000
6905288900
7653300400
8331596000
6834039600
6326391600
6194358000
6418397000
5227096800
4302555700
4295395400
4279503300
4226190400
4290867400
4266333900
4250231600
4163493100
4160097300
4141819700
4121487100
4127765100
4141494100
4144993200
4173101000
4183959500
4182647100
4148842200
4195295500
4170561600
4162985300
4186339100
4174177300
4187495700
4172216000
4175920000
4178979600
4162363500
4157647400
4198096099
4154296200
4186459400
4191808400
4148854700
4171925500
4194939400
4190358900
4208987600
4177288900
4190717900
4156215000
4177233300
4169940900
4165557900
4143341500
4155837100
4143424600
4195424600
4183541200
4171007300
4149393200
4191780500
4174095300
4168028700
4165757400
4145098600
4137016000
4168145000
4136711000
4145263700
4182821900
4238518100
4172478200
4166841600
4193076300
4138003300
4205043800
4168916000
4201091100
4265057600
