7795000
7201800
7117600
7376400
7386200
6949500
8192100
8040800
10740300
10235100
9900800
8471100
10298100
7747200
11884600
7786900
6869100
10669400
7257400
7406900
8682000
9202500
7650900
8154900
7699100
7149600
8798800
7233600
10299400
10298200
9978700
10231400
11560200
11495400
9187600
8448800
11185600
7753100
7251800
9491100
9884000
8891500
7485000
8686200
7226600
9008300
11987600
12008600
11215200
8039300
8440500
9951400
7969600
7234800
7731900
7006900
8718000
8424500
8745700
9835800
9171700
9555900
9809800
9412700
7821700
8344100
8433000
7697600
10755500
8088900
8021600
9482200
10067200
9581300
8646600
8069900
7508800
7191400
7037700
7701500
7543600
10605100
13738000
13370300
11551400
10607400
22149500
17041300
12220100
12059000
8018200
8355600
15568600
7314400
8813400
8626100
9465800
9539200
8834200
9128500
9338700
10052700
13063700
8433500
8529100
10407300
7797300
9140500
7926800
7318400
6905900
7660100
6798800
8853000
6821200
8516200
8238800
7935900
8101300
7408800
7375100
7881800
6786700
7760700
7402900
6752200
7272100
6932900
7805900
6824300
8362000
8789200
7030900
8209800
6576800
7156000
7614700
6869200
8994700
6858300
7894000
7445000
6741700
7458100
7064400
7459200
6863500
7479400
7676400
