42880200
52227000
47270400
42218900
37350800
42638700
36456600
39141200
63684100
44169400
34412000
42520700
37366200
41578600
48015400
38871100
40835500
51877600
39455300
43859100
52147900
50983900
54585500
39156500
35467400
41660200
46993000
39688800
39499100
52581000
47665900
45216800
42726800
39444000
33315500
42982600
52308100
34987500
36495300
38537800
37603800
35957000
39298800
43176600
36218900
39145900
40058500
39511900
37878300
36897800
34723200
40418400
37047000
38472400
35725400
45279600
37092100
34408900
38160400
38556900
37776100
36801800
38394500
36183600
38198900
38495200
38173600
35075400
42810000
44465700
35729500
34794600
36891000
37603700
40336900
37351500
36333900
40810100
39951500
40118500
45211300
36277300
36068400
39613300
36706700
36105200
38088100
40483800
40677500
41106400
37252900
34755100
38060200
41120700
40038100
40866900
37080400
42451000
38927900
38810300
39048600
40192600
36012800
38227500
38218700
42011000
38409300
37799500
38573400
36550800
38880600
35603100
36162300
36514000
37005300
40778200
41171000
42974700
36618600
38878900
35792400
36874100
38830700
36234500
39459000
39628100
39274900
35345400
41626500
43849400
38301700
38441800
37768500
38230400
38781000
38590300
35887400
37544900
37842600
36727100
38302500
42756200
40621800
38106200
37366700
39905400
37338000
41857900
36838200
