420357300
406087700
431728500
379904600
373010900
365215200
345894100
351050200
354644600
344637800
353311400
349169300
343907500
349825800
350790700
340682100
340962100
348110400
341558000
344150400
354652200
346446700
339733400
359729200
344982800
335767600
351840500
352042000
342153100
346780500
341641000
335429700
355233400
347843600
336081000
341411200
346394500
339345000
339234500
341271200
333974400
347569300
340101300
338551400
354198500
340638000
345532500
366615600
344298700
340870500
358194300
341344800
345562200
355057200
337370900
342343700
345845400
336795300
344013100
348987500
337452900
370540800
357463900
340532100
366252900
337946900
345607400
366217500
342332000
342284000
350878700
337018100
340786800
352016500
343554400
349283800
356282500
343466100
335675400
356825800
340728200
335860600
350897800
341643100
334093200
355452000
345091000
338989400
356422700
334305000
346863400
351818500
337831700
342889400
349199900
338616300
344422000
341271500
334185200
347031800
343274500
340797100
351424400
347176500
336563400
348601400
359045100
333466700
350792700
347854800
334598100
343335500
352238300
335834600
351495100
350334900
347166800
331571600
353561600
351546200
336482000
354050500
344779600
350983300
354632100
340303400
340813300
342105200
351205800
350541300
363609400
342072400
341406300
345353700
351364800
348379100
335601200
337276300
352210400
350492200
355493000
349015700
354626400
332661900
358182200
352840500
340471400
358957600
347617600
