9805500
7674000
6836600
8623300
9279400
7412300
12843000
10554800
8369900
7932000
11315800
11560500
8925100
9597300
8908500
8128700
8414200
8631900
7722900
8066300
7640800
7538100
7458100
9312200
8337800
8612800
8030000
7135000
9586300
6991900
6935800
8962700
8243900
9623600
7101100
9696600
10611900
10891300
8285400
8878300
11729200
9043300
10766800
7040100
7649100
6926800
6987900
6904900
6888400
7121200
7408000
12873400
9465900
10772000
9405200
11235300
9757400
8872900
8267900
8127000
7473700
7046600
8740700
10398800
9690000
10986900
9209600
7815500
7607100
8353800
10811100
7289700
6895300
9109200
8934300
7739200
9370200
9939700
8335200
9034000
8479600
13046500
8676400
9670900
11770300
9931100
7838600
7687000
9377900
8442900
7987700
7859000
10738400
8116300
8539300
10035400
8677600
10856200
8340900
11428900
13091900
10878200
10866700
7169800
6851800
7787100
7291500
7227800
8001900
7483100
7039800
6781100
7256800
7223200
8271800
8296100
7503200
9126100
9255600
9047000
7376800
10572900
8937600
7094900
6990000
6808500
7002500
9058900
7168200
8196100
7483400
6848700
7559700
6625800
7235100
6834500
7214300
7139700
7075000
8070600
6666200
9865100
7119100
7611600
7714400
6543100
7262500
6863100
7410700
