613760700
656966900
556450000
505465600
503973200
495896600
478612200
491259500
490691300
484976100
478499800
486749100
483975900
491659800
475968400
484200900
495404800
470999700
482099500
474956300
495511400
488104500
483197500
471301800
484445600
478288400
469701400
488435100
474285400
491435600
474520800
489176000
467206200
506355300
468006600
495882200
473873200
487612300
489670500
472392000
494558000
487833000
488566600
479129400
501795500
509933000
523249500
481968500
489831400
495641600
485919800
486625300
475020600
493152100
473641100
496217900
477891000
504272100
477293500
488161600
472821200
490601400
500388100
481429400
481479700
500415700
497909200
501523600
498496200
498667100
496664900
486085200
490861600
509844800
503860200
482641000
488969200
508456800
475882600
498539800
482195700
486194000
480342400
497668400
477706500
490142200
479401100
484390200
491437900
479470500
502101000
485364000
501077200
485319200
484853500
470705200
489407600
480686700
474957200
492335200
483840300
483326800
470014900
498840700
475522200
495638300
471276400
494620300
472894900
480625000
479752900
483945500
480969600
468033700
499235900
476634600
492190100
483368700
524108600
483510600
492415300
476091000
482385300
485631700
478838900
550567600
536075500
499957300
490832700
496158800
482070200
479237900
478654300
487910300
489661800
481852900
482444600
486450500
550407600
473946000
495078100
469622800
490348200
478898300
485291600
473097100
488211500
493784200
478221300
