545495700
586650400
521944100
479508100
473843200
474822600
466978500
479623100
471341000
484426900
467749300
474661900
455435000
468743200
472291700
470102400
462536500
456291900
468227500
467706700
482652700
454919600
473705800
465501900
472940200
458638100
475169100
458797600
524592700
460379000
470936700
468928400
469678000
472651200
464179100
473979700
458263200
470663600
457657900
459861800
466880000
459641800
478514000
455291800
479872200
452843000
472989500
463937400
471153000
465212300
469735800
464925200
459612900
473368500
459034300
474765100
462913500
465331300
483702200
473263200
473243400
463358200
473206300
460248800
468424500
462293600
470603800
460412300
494302900
470667200
480907100
468632700
471078400
473143400
467063200
473720700
464905900
464467600
473019200
454638900
485177100
461721400
471300400
455011900
473130400
460845300
460310900
467035000
472883700
470654200
467830700
474993400
460942200
474046200
483069600
467723500
463170100
455912400
479357500
449062500
462865300
457068200
471142000
454577000
468486300
456345700
457578100
480642100
451188400
466397900
454406400
473958200
448817400
466994300
473585700
453074600
485530100
445910800
495316400
459056900
486447000
463092900
479796700
455700400
473245800
468981300
467703400
476735700
464115500
479941500
463968200
492926600
484587000
476940300
459258200
466370700
470900700
476624100
484681400
462731900
484876400
458480600
458681000
456736600
464666600
468019800
459771200
474561400
451898500
