418783600
457128800
445832100
365845000
376315100
349039400
350219600
375109700
354937000
357153500
350379600
343312000
352153900
356963800
349831000
351199600
345140000
331189100
343832600
343090300
328912200
343920100
349538500
336345000
344900500
353936900
340770100
340747200
357060500
339061100
342717400
341835500
341849400
346641900
351671300
346861400
336058300
345863300
345120900
341040100
348061600
350387400
334940100
362224000
351739500
341121700
361807200
352267900
341528500
351625500
397259100
354136900
356623400
340806100
343246000
356512700
338074400
341183100
359186900
341401300
340425200
353789200
340273300
338924500
354217700
330146200
339048600
366127700
333106600
342082300
353019000
343993800
343400100
349538900
340878800
341192000
351222600
374580900
362136400
363955000
339495400
337818200
363203700
333078500
340911100
354806700
335224000
332013200
361248300
336169600
338354600
355296700
336600300
336911900
342009000
340365800
341850100
357968900
337732400
339499600
365150100
341667000
342341100
360313900
336727200
348188400
358973600
348834900
353706300
353906500
348944500
349969700
364262400
343555400
353236500
350217600
339985400
351181600
356103000
341068000
345453000
350670600
328752100
340920500
349349200
342681500
346361100
355187000
346609800
343508300
354396000
346429800
337209600
345062600
350027600
336145900
340595000
344494600
337602500
348840100
345037000
336792600
351640700
342254400
333656600
342808000
348457000
334893900
347089100
