41333400
36057900
35375900
45779900
34995300
33751500
39529500
38253600
35295200
34851600
43507600
40149000
33091800
38424700
41732100
37119800
37528300
38697800
40273800
51058500
44686100
37427200
39122600
44487100
38480500
43036800
49031600
32844700
34149000
34098900
36168400
33185600
35007000
36366600
38350200
32449500
33703200
42303800
36782100
35461200
35359500
36096400
36283700
34941500
38141200
42779000
36932700
34930600
41384700
32665300
35379500
33621100
33810200
34875600
34058100
33570700
31896600
33884400
38331600
32682700
34192000
32676800
32450000
35441200
32474100
36580500
38898700
36088200
33977600
32948800
35519600
32493800
33450800
35937000
41076500
34648900
36496200
34905700
32940700
33962000
33268100
32844700
39607500
33230800
33146200
33088500
35838800
31567700
34445000
33045000
34040100
33802700
34329300
40138400
33178900
35164900
34130000
37111600
36917600
35872000
34558800
42396500
45033000
35094300
37954000
33952300
35705500
36313000
32941600
33328400
33418500
33711800
33713200
34600300
32969100
31870200
34408800
33066700
33420600
36708200
34785800
34435600
33531000
32755500
34790800
31688400
33470800
35293600
32819800
31935500
36040300
37023700
33175600
31947200
38940800
33042600
31835200
35132600
33610800
32927000
36944200
32510400
34081800
34824900
34679000
32167800
32767700
37655600
35646900
