7811500
7665200
7257200
7152000
8531000
10265400
7242000
8093199
8565100
7060700
9514000
7094600
6918100
7465200
8716200
8581900
8833300
7683600
10187400
9556900
9453900
8410500
7595800
9214400
10096500
8075300
7960300
7468400
7341400
7767900
7147700
9749300
7950500
10044400
8590500
8473400
7041200
11408100
9823900
7490200
11659100
9356200
12439500
10560600
9174600
8429800
11596000
7587900
7996500
7729600
10399800
11371400
7518300
8637900
9888800
10877700
8801100
9271200
7412000
11308500
7053000
7282800
7541900
9071100
9091700
8613800
7028700
9626300
9906300
8448200
7718300
9568000
8370500
9031900
6970500
7984800
7870300
7853100
7317200
7516400
7998400
10607000
8751100
9052100
7199600
7561000
7189800
7592000
8100800
8344300
8700000
7405700
7099600
9147400
9322600
8811600
9998900
8515200
9208800
11402000
10666400
10183600
8928200
7151400
10856000
8131299
9173200
10196700
7520800
10852800
10214800
7300900
7921700
7193700
9186400
7341300
6886800
7124100
6611700
7209300
6628400
8284900
9102500
8302400
8907800
7094600
7880500
7694400
6771500
7432700
8310100
7013300
7908400
6754000
6964400
6488200
9685500
10948300
8563600
7990000
8266900
6676500
6959200
6989900
6731600
6899400
6951700
7412300
8130400
