5989000
7300600
6078200
5151000
5078400
5224200
5102200
5999100
5139300
5742700
5295400
5258100
10554100
7567300
5259600
6936800
7478800
5500000
5179800
5153900
7987300
7376000
7484500
7894600
8069300
7511900
5145200
8429900
8776100
6033200
6010300
6392200
5305100
5201500
5870700
6168700
5638700
5373300
5495200
5189100
5479200
5333500
5173300
5396300
5161000
12538500
8270700
7648000
6348300
5633000
5780600
6254600
6041400
5434600
7315600
5581600
5244000
8324500
5202800
5701100
5602200
6265700
7736900
7732800
5397600
6092300
5535900
5435800
7429900
7368500
5202300
5521800
5345800
8253900
5259700
7256100
5451500
5295800
6732600
6289200
5729200
7113200
6497900
5422200
6025500
9548200
6283400
7305200
7131200
5696900
5839500
8684900
5400500
10644400
7116900
6224300
5785300
6167100
5377200
5494000
6547400
5323400
5116500
5257200
5997100
5314000
6454700
5215300
6169700
5181200
7890600
9040700
6829000
6410000
5677100
6025600
7612800
7603400
7295500
8322600
8039400
7918200
6600300
8360400
6503800
9979000
8003400
6405100
7577700
7013500
6468800
6654000
6403300
7542700
5919600
6805800
6933900
7078300
7736700
10434000
8010300
8714400
8141300
7441700
5477200
5849200
5197700
5076600
5130600
