553667800
666570800
554264700
536828400
536085400
531567400
522001400
534291400
519056200
521550400
509711500
523493300
532358300
534499200
531683100
544727700
528813600
552344900
528375800
549803000
530495000
535056500
527106800
526823300
515251000
516502200
535165100
515742700
525780100
527150000
521541600
514796000
530126000
526968700
523090200
539429300
527544900
536011600
514875300
538410100
537684500
545982800
537140700
535879900
529830500
520599100
522803200
532413800
524571700
501860700
481307900
565801200
570375600
578208900
514898100
551562600
536802500
537340700
554711600
536233400
544534800
529540800
573113700
515176200
543523800
542920500
560907800
499715900
549445700
516184300
559814000
493829000
562409400
522693400
543329400
515176299
559531900
620999600
559719200
531417000
548295200
526595700
555558200
538407000
524558500
523149400
535717700
514729300
538645400
508417500
551305400
525564500
546279300
546361000
538136900
682372600
536614400
552153900
536273700
512060200
537190500
580362400
535531200
533128700
500045400
571785300
498013300
554723900
516790100
561535200
499464700
565710500
516288000
557586500
506357900
593522300
501508800
550503500
531927500
536664900
530266200
539369500
566542800
541167400
515151400
550686100
541307200
510715400
541639100
536625000
536287000
508395100
550483300
526593500
531420000
513299900
558896000
504527400
551409800
498256300
549354800
520852600
536180600
545951100
525640700
519195200
545047800
541077200
540262600
