3703330500
3057246300
3037513200
3032047000
3092735500
3100736600
3062871700
3067805500
3071622000
3011177800
2992534400
3072690200
3080857500
3164776000
3082821200
3043183000
3148064900
3084103200
3030592100
3036170400
3021066200
3011583900
3181491500
3023443300
3031892800
3086379100
3045967200
3021193700
3162672800
3012818500
3039992500
3055417900
3028400200
3016048800
3008412000
3169845200
3032881100
3391192800
3017512700
3023887800
3034397500
3042492900
3028700800
3024709300
3030921300
2999531800
3033129500
3001780100
3009888600
3077425800
3033833900
3045862700
3057277200
3038739600
3995592600
3058733900
3035749900
3017088500
3004791100
3165377800
3025741000
3048853100
3012196600
3038912300
3044215100
3025135500
3013797900
3042824700
3066454300
3032403200
3003564100
3150110000
3002385700
3050712500
3697083000
3034894500
3022313200
3038225300
3025140100
2994486300
2988502000
3025619500
3012147300
3054399700
3432326700
3025004500
2996458900
3015702300
3002802600
2995034800
3021088600
3000686600
3060969700
3008504600
3042888500
3026214100
3033844500
3052495800
3010089500
3026992600
3131537400
3047631600
3058352800
2998021800
3003713800
3020344300
3035369600
2987102500
3017703600
3000155300
3056765300
3022548800
3016412800
3021584000
3041640600
3039440100
3242810800
3017396800
3046108500
3007016800
3012161200
3011482400
3022442800
2996537100
3025239800
3014461400
2997162900
3004347300
3026312200
2984460700
3030188900
3015318800
3046063400
3012732000
3016646200
3006609200
3456272800
3055242900
3024385600
3018751400
3068014200
3030258400
3011790400
3054666700
3052575800
3042525200
3059726700
3033212400
3047596900
