4465087000
4284422200
4196550600
4216458700
4192363800
4216918100
4178505300
4194559000
4200576600
4255153900
4153696800
4226928700
4210252500
4254137000
4172059200
4247916300
4144072200
4187876700
4141466500
4189051200
4209282800
4175778600
4173577200
4206316900
4167850300
4194217200
4135244900
4244626100
4200349699
4191786200
4157318300
4249298500
4154945400
4211035900
4174547100
4239262500
4238736600
4554454900
5978089500
4240553900
4225722400
4524290800
4214742500
4195201500
4175765900
4262196100
4195746800
4232517500
4395908700
4626031600
4610008000
4784004500
4327464500
4247954800
4527002600
4824639500
4235142400
4345333800
4233349100
4260782699
4194427600
4392757300
4875447000
4346133400
4229763900
4249104400
4206438000
4217057400
4267344800
4252778500
4191537500
4266552400
4233885000
4263997700
4256696200
4430482900
4206130900
4268215200
4211612100
4281277100
4229246300
4253179900
4227239800
4288977399
4183565200
4387430600
4243183400
4198137200
4219673300
4237884900
4225793800
4190369400
4179866600
4172231400
4139366700
4163549500
4174605900
4221173400
4189898500
4266375700
4196721300
4189391400
4248518600
4202682500
4331216900
4217377000
4207410600
4183505800
4191774900
4194355100
4182615800
4219645100
4176247500
4209658000
4203095300
4206845100
4219840300
4226665000
4231065200
4222840300
4816554900
4201639700
4192296600
4212192100
4245588900
4214138400
4212875000
4232033900
4250988800
4236624200
4211240600
4231307900
4450066000
4322908800
4229125900
4217544800
4188814200
4233153500
4210764900
4369208000
4246823200
4223400200
4192735200
4199460100
4244966300
4196555100
4170696400
4211936600
4199344700
