55433800
60992700
64070400
60695800
77045700
57606800
56240700
58916900
55514400
62669200
45709500
59631500
54951400
51369000
56574100
62698400
61766600
63672600
67249000
69985900
63455500
83303900
56668500
53543600
44725800
50265800
47275300
49087700
46215100
47684300
49625200
44408700
46261400
49406000
45578900
43289500
55085000
48926400
45565800
47646000
48751600
55843900
58602800
42094900
45689700
45809100
47441500
43312500
45413900
44786800
45904200
47544300
43818400
48171300
45345000
47872900
47333500
48138700
45969700
46143000
45077100
48815600
47376700
55611200
46128100
52073700
46989800
43001300
42670000
49925200
44869600
44349000
45539800
47719100
48786700
45081300
46573600
45767500
46586800
44298400
43036500
45317500
47458700
48237700
53908500
56203400
43059300
42432900
45754200
47273400
48688200
45259100
42590700
47121500
46795900
46274600
43635800
44947300
44933100
45216700
45043100
44781200
47127000
48258000
46920000
51841600
56973000
51496700
43105700
45604900
50728900
43848200
45343900
43332500
49886100
48311300
44633100
43706500
48976900
45663500
44975000
44653800
48635300
46776700
42887100
50225000
49266900
50377000
51181800
44013300
46174500
44139000
45869400
44275900
47279700
48613300
43268900
44875100
47237400
48764800
44317800
42744100
46732100
45105300
47617700
47881500
49001700
46408000
46284800
