52287300
58830500
52274100
51311700
54161600
44885300
54378800
86224300
59031800
49565500
50433200
55956600
48290200
56473000
57821400
47913700
55143600
47907100
52667800
65401400
56197800
51560500
46601000
45824000
56324100
48612500
72714200
55299100
44505400
51973100
45471800
47497200
51199100
42910000
44351600
50948300
44255200
46074000
51033200
47851100
46134200
44331700
42928300
51605800
46496300
47318900
53327200
72908200
50471400
49365300
49837900
46479500
44019400
44748700
46416800
48194100
44112200
43663700
47042100
51257700
49649400
44632700
48307900
42779000
44832700
44700600
45799800
44090200
56086400
45965400
43932200
42573700
43801400
42649400
42468800
45683600
44093600
46559600
44446600
46005100
45815300
44460500
45331600
48233800
47049500
51844000
49289600
45441800
44067100
47765900
46661100
50278200
44166300
43736300
44333100
43568800
45559300
46037300
45467600
46264300
47434400
45477500
44635400
44171100
48718600
47777800
44407000
43240300
46212600
43630800
44007700
50234600
47804000
52735200
46044800
42755400
45825100
46888100
45325000
42981500
46213800
42918400
41973400
46135100
46138400
43732200
47353800
42057800
44750000
47107400
43093200
45014600
46333900
49473300
45848100
54054900
43635000
47661500
44863500
43337200
44275400
49000100
42932900
45104900
41882600
46113300
46734300
44063700
42974600
