472822700
412325700
404512700
397807100
356528700
365515400
372975400
370617100
379289800
359007800
370072600
367633500
358565500
368518100
378902000
363575400
370501200
358885200
365613100
370104000
371471400
363399600
370192100
360110100
374242200
389944900
355681000
373164600
350556800
364085800
373282300
368319100
370399000
364775900
361862000
370704400
362055800
355951600
383923100
365399500
381522800
365696200
363501600
363685300
373707100
361576700
361937600
376661000
369568000
376254000
379752100
371604400
371000200
369134400
366904800
377173800
381183200
376006700
359779700
374057000
380749500
362447900
362164600
369627700
362373700
359958200
364921200
371080200
363466500
363985100
372330600
372578700
363341300
356624600
355992400
377854700
364607300
376738000
356773000
363441400
366431900
358697400
378305000
365795000
358735500
385741800
372533600
360220800
379102300
357256700
361722300
362490400
367625600
376835100
366553500
369303900
392946000
362447500
358716700
373306400
376376200
377300000
366891700
350353100
388376000
376967000
358028400
409996500
355534100
376974500
383472500
358116500
408816500
371572100
370809400
400866100
353010100
386672800
358081700
361974000
398651700
372107400
377574500
369231700
364413700
371453800
372145200
374919400
375940900
369429200
356787700
371642000
344952200
357730600
380224400
369859800
365202300
353846200
375905100
376160900
355694600
359872400
384595000
368851900
356232300
384051400
362096600
354265600
348745500
