54787500
54077200
62839600
60621400
56414700
52481900
51637600
53779500
57645000
64952200
58360800
55529800
55599600
48429300
57703800
79660300
95147300
76384300
65999600
54240800
60258000
49863600
63666500
51874800
58915600
58094200
49166200
56541800
54207700
62062600
57521700
59551600
54110400
60486900
57371400
51033200
49331800
54913900
55996200
52088100
53791300
50536800
59268600
54743800
55442100
50644500
50521000
51188700
49946900
52639200
52300600
55302700
56347800
59349900
52917300
52657300
50051100
51147400
53072500
52465100
49731700
51585300
52439400
49278800
53627400
51431000
56276600
56294100
57684500
52762600
53236600
55749700
49783000
49939200
51962500
51912400
49951200
55893900
55283100
51421000
51480200
50882700
53837800
51558800
49050400
52808600
54800500
50583900
47921000
55391900
50723400
53504600
55041100
53462800
53508700
52778700
51658800
53360400
49379200
50026800
50288000
49535400
48414000
56720300
50735900
54351000
54009500
55972300
52511500
56227800
63254200
45552000
54453300
54940400
53724600
51355100
48872800
50531100
51840500
54459100
53517200
52793200
50858500
55188800
54451500
50231600
45837900
52738200
54648700
54920500
49481800
52309500
53481000
51538700
53614500
52251000
50024000
49957100
56451200
48866200
50270600
50384400
60321600
49291700
49188800
54562000
53935500
53133600
51324900
