5484700
6478700
5638800
5178600
5653900
5236300
5086400
6195100
6787500
7634600
7775200
7066700
5510600
5187200
5217100
5886200
7011500
6920500
5694200
7023200
9500400
7734500
7873300
13393600
9320000
8733200
8419200
8724600
6668700
5891200
6488400
7809300
8227900
7637800
8155900
8107200
8200400
8028600
8434900
8599700
7881900
9567700
8758100
7983400
8190900
8278400
7816600
8449800
7720900
8443100
9944100
14583100
9916600
8690600
7855500
8154900
6242800
7824300
8012600
7788900
6235500
6782800
5098900
5240400
5211900
5769400
6052900
5631800
6519800
6117700
5149700
5183800
6834100
6927600
5667400
5653800
5077900
5796900
6044400
7675600
5287300
5224800
6813700
7997400
7408800
7276900
5395300
5535400
6065500
7727100
5337000
5228400
5626300
5174500
6158100
5207900
5696900
5148300
6773000
5266900
7370600
7718500
7402900
5978300
5858100
5527200
7221900
5176800
5168000
6103700
5416600
7154800
5519200
7899500
5665200
6821500
7728500
6427300
6011100
5981600
5587900
5207500
6001200
5568800
6378200
6532600
6144400
5942600
7848700
6762300
5466400
7539900
9528400
8000700
8130100
8366500
8052600
7009600
6538300
6653100
7742500
8115800
6206600
8474700
5593700
5619800
5204300
5667800
5032200
