3213857500
3048058800
3065577000
3003336900
3023694100
3020569000
3030489400
2986596400
2993486300
3023129400
3005863900
2998003100
3015522100
2996731100
3032926400
2987640900
3005400400
2978696900
2998513100
3003356600
2966394600
2979653500
2996771200
2996415800
3015488800
2982191300
3000550200
2990348500
3060964800
3032068900
3004817000
3080213500
3019866500
3013776400
2990899300
2997795700
2997786500
2971432000
3019693300
3016498400
2998655600
2990671000
2997644200
3016941500
3022763800
3026436200
2995858500
2965872300
3005721600
2987136400
3006893400
2996998900
3002427500
3037624000
2989142700
3001280300
3008503500
3006044400
2996142900
2986357200
2999064900
3022099800
3008913400
3090988900
3016494600
2993207800
3005080200
2985328000
3023610800
3025236300
3007801600
3045863700
3040672700
3071608400
3020506600
3010062900
3076139800
3201578800
3003276000
2998280200
3013988900
3035474400
2985186500
3003501100
3010503000
3000712500
3021065600
3003120200
2986508300
3012307500
2996894900
3056240800
3022899800
3020159300
3002341100
3010002800
2974981800
3039261300
3071095600
3058604900
3054718400
3026429600
3147512700
3113689500
3022110800
3062938400
3030108300
3046066700
3048840500
3030285000
3096285800
3027852700
3049781800
3039982300
3016526000
3093197200
3044084600
3013667800
3030539600
3041306400
3023742500
3046296900
3017342800
3030245000
3037983900
3012892900
3049620800
3062762700
3013771000
3047644300
3047034500
3026854500
3378701700
3074951500
3077513900
3105145600
3054595200
3115328300
3203762300
3037685700
3040202200
3185922600
3056157400
3059482300
3021144900
3054847900
3023352800
3012598000
3203166200
