37920600
34009500
46336100
53252600
52138600
38654800
38891300
38889700
34621200
43806400
37286600
33894100
43610200
37657600
32640300
43855300
41522600
40228800
35502100
39501600
36370000
39690600
39476900
37419800
41855100
44551400
41475100
42711200
43897200
48204200
33509100
33835800
41558700
32474000
33931800
36021400
36325600
35687300
35042900
44073200
38094000
33284100
34044000
36709900
34492200
35588900
35801100
33789900
34270500
32275400
37553500
37975300
32635900
32852600
37341000
40304800
34609700
31747500
31894500
33971400
33627200
35506300
35011000
34029900
31810300
33578100
38268500
36263100
32248200
32542500
36721500
35186500
34712500
32881800
32785000
36146000
37457800
35294400
32155800
35494600
33161500
35075200
37198200
34028300
35035000
31660900
33758700
34907400
35671100
35932300
33239300
33635900
38833600
39738500
32747500
35101200
32298500
32960000
37350000
32581300
36262300
35704100
33835000
34712300
34463600
33590400
32386300
32483900
36772600
35043400
35022200
34817200
32802700
34698700
38540600
34621600
31616000
32941500
31362400
38476900
38568100
32320100
33095300
31752000
36236800
35423700
35139400
34854700
32539700
34303500
34674800
34996200
31792200
33709400
32313100
36034200
33604800
32240100
37787800
37704000
35840700
34749200
33478800
34551500
34154700
36319800
35154700
36280800
33487500
