3295325900
3167641600
3111769800
3120234800
3165500300
3077431500
3081216100
3084224100
3099880700
3079551000
3056315100
3057802000
3064725300
3112111300
3070183100
3081336200
3052141800
3060127700
3061098300
3062538200
3082649900
3103375500
3112819300
3106498700
3098796100
3124102900
3099042400
3107405600
3077604800
3107994500
3067922900
3172068700
3127125100
3122667300
3295425800
3056261600
3126928800
3139118300
3062963100
3268297600
3101866200
3124878000
3127871500
3138738000
3135304400
3124037600
3111595000
3110974500
3099305800
3124888900
3134327000
3126807700
3144058700
3137712900
3622851300
3201224500
3154338700
3116319300
3268285500
3103156800
3099029200
3113323200
3133531700
3132436600
3099465000
3112916300
3092062700
3107371100
3120995800
3118033200
3104400700
3623805900
3096788000
3139329100
3165879100
3099181700
3081408600
3129110500
3108589900
3104015400
3145918000
3118744600
3100915000
3094360600
3082691700
3088779100
3094802800
3163047800
3091978900
3105082000
3086941400
3098296300
3143076300
3115725400
3115497300
3130399400
3086634800
3093068400
3099440300
3094137200
3113145300
3093997800
3145690200
3119073400
3103306200
3108590400
3110484900
3132145600
3085094000
3104495100
3096103900
3107134500
3146287300
3097504200
3109820600
3088368200
3138077200
3286140400
3289434200
3109912100
3116042200
3238203600
3100164100
3071233400
3155607800
3088031300
3110218100
3120448600
3096624100
3124583200
3098502600
3071070700
3087712500
3135279500
3107736300
3129568400
3056290700
3091761400
3141482300
3093700800
3098387600
3493609700
3272686700
3143600600
3142089000
3140496700
3102990100
3123485200
3094257700
